1603.67	-1087.08	6967.67	0.999933
1597.7	-1085.46	6965.58	1.00616
1581.73	-1081.45	6959.88	1.00933
1548.72	-1072.82	6947.82	1.01498
1494.84	-1052.74	6929.62	1.01987
1411.72	-1020.56	6899.09	1.02798
1305.7	-975.576	6853.82	1.03725
1197.78	-927.289	6788.84	1.04694
1108.42	-881.997	6702.87	1.05383
1044.2	-841.922	6594.13	1.05814
1009.61	-810.506	6465.06	1.05999
992.676	-790.076	6321.06	1.06052
982.265	-789.482	6179.53	1.05987
964.844	-817.149	6050.55	1.05945
925.581	-845.707	5950.76	1.0596
876.322	-881.743	5896.36	1.05944
825.571	-915.647	5880.02	1.05938
784.549	-928.058	5906.57	1.05919
765.02	-925.32	5967.16	1.05885
771.845	-919.666	6043.76	1.05841
802.976	-918.023	6121.18	1.05794
856.08	-928.381	6193.57	1.05752
920.589	-953.568	6250.23	1.05709
984.884	-990.236	6287.87	1.0567
1034.78	-1030.83	6296.58	1.05616
1061.66	-1065.25	6277.83	1.05561
1062.46	-1084.87	6239.53	1.05516
1036.23	-1088.64	6179.15	1.05462
998.581	-1096.71	6092.46	1.0541
954.191	-1106.73	5986.05	1.05369
901.84	-1117.32	5870.79	1.05346
840.552	-1115.38	5769.58	1.05353
773.814	-1111.08	5679.86	1.05357
710.081	-1112.34	5606.43	1.0537
657.12	-1119.65	5554.83	1.05386
621.656	-1131.24	5531.33	1.05406
610.732	-1157.19	5519.98	1.05412
621.629	-1185.7	5516.67	1.05408
646.708	-1209.23	5520.67	1.05401
675.38	-1221.52	5525.85	1.05386
698.923	-1222.52	5530.8	1.05371
713.668	-1217.04	5535.92	1.05358
716.19	-1207.49	5540.03	1.05344
709.739	-1196.63	5542.59	1.05331
698.123	-1190.57	5544.35	1.05318
686.299	-1187.42	5545.96	1.05305
676.777	-1187.86	5549.13	1.05293
672.268	-1191.81	5552.88	1.0528
673.075	-1196.14	5557.08	1.05267
675.909	-1200.61	5560.53	1.05254
680.557	-1206	5568.88	1.05241
682.348	-1196.12	5584.85	1.05226
685.302	-1190.74	5595.18	1.05214
686.659	-1179.47	5609.34	1.05199
686.699	-1165.96	5626.47	1.05184
687.095	-1159.74	5643.38	1.05169
689.696	-1159.57	5658.07	1.05154
695.061	-1163.83	5668.99	1.0514
701.263	-1168.35	5673.79	1.05126
707.212	-1177.2	5675.45	1.05113
717.274	-1200.38	5663.66	1.05101
723.558	-1214.78	5649.91	1.05088
726.909	-1234.82	5628.95	1.05077
725.033	-1254.77	5605.28	1.05066
718.694	-1269.92	5580.9	1.05056
708.161	-1277.9	5559.56	1.05045
694.186	-1278.55	5541.42	1.05034
679.667	-1274.55	5528.02	1.05023
668.365	-1270	5521.88	1.05012
663.083	-1265.76	5520.41	1.05002
662.894	-1266.59	5519.18	1.04992
667.242	-1271.48	5520.49	1.04982
673.639	-1276.96	5524.16	1.04972
681.221	-1283.19	5530.97	1.04962
688.655	-1287.07	5535.49	1.04952
694.468	-1288.16	5537.43	1.04943
698.106	-1290	5535.75	1.04933
698.67	-1288.56	5532.47	1.04923
698.37	-1289.56	5524.5	1.04914
697.904	-1291	5512.11	1.04905
695.717	-1289.87	5498.67	1.04896
691.006	-1284.83	5486.92	1.04886
687.256	-1280.01	5473.1	1.04877
682.376	-1278.15	5460.99	1.04867
678.818	-1278.73	5452.29	1.04859
676.674	-1281.55	5443.05	1.0485
674.909	-1283.94	5435.24	1.0484
672.59	-1282.1	5430.83	1.04831
670.088	-1278.84	5429.18	1.04822
668.74	-1278.32	5424.49	1.04813
669.031	-1280.37	5420.12	1.04804
670.003	-1284.63	5416.39	1.04796
669.794	-1288.52	5411.85	1.04787
668.818	-1291.89	5413.72	1.04778
667.833	-1294.15	5420.51	1.0477
666.945	-1293.54	5428.57	1.04761
667.264	-1293.59	5439.79	1.04752
669.588	-1292.32	5452.54	1.04743
671.386	-1292.13	5461.53	1.04734
674.789	-1292.35	5475.13	1.04725
675.318	-1290.11	5491.04	1.04716
672.105	-1286.68	5508.32	1.04706
670.956	-1281.88	5529.17	1.04696
672.062	-1282.34	5552.26	1.04687
675.307	-1287.94	5573.47	1.04677
680.121	-1295.88	5596.89	1.04668
684.413	-1306.52	5620.04	1.04658
688.78	-1312.71	5639.14	1.04648
693.564	-1314.72	5660.8	1.04639
698.687	-1314.32	5683.2	1.04629
701.79	-1308.86	5701.75	1.04618
704.918	-1305.92	5717.02	1.04608
708.121	-1313.09	5731.46	1.04599
710.338	-1327.89	5742.91	1.0459
713.676	-1343.82	5753.56	1.04581
718.422	-1357.35	5762.26	1.04572
718.01	-1332.51	5779.47	1.04559
716.617	-1286.97	5801.37	1.04546
714.816	-1238.44	5821.88	1.04532
715.245	-1199.12	5837.34	1.04519
719.007	-1181.9	5848.33	1.04506
722.375	-1185.79	5851.6	1.04492
726.164	-1224.79	5843.94	1.04482
727.151	-1254.97	5841.09	1.04469
725.759	-1292.06	5835.75	1.04458
720.991	-1324.37	5825.72	1.04447
714.025	-1346.32	5817.91	1.04437
705.572	-1357.4	5814.6	1.04427
693.796	-1356.2	5811	1.04417
684.445	-1346.61	5811.84	1.04407
677.336	-1334.86	5814.96	1.04396
670.768	-1323.11	5817.05	1.04386
667.896	-1313.09	5827.28	1.04375
665.639	-1304.73	5833.93	1.04364
663.994	-1300.52	5838.41	1.04353
662.936	-1296.47	5846.31	1.04341
661.83	-1299.25	5853.7	1.0433
659.553	-1305.21	5860.16	1.04319
657.079	-1312.49	5874.1	1.04307
651.828	-1295.48	5900.38	1.04292
648.256	-1265.56	5936.52	1.04277
648.349	-1238.79	5977.56	1.04262
655.104	-1222.54	6020.83	1.04248
668.976	-1221.75	6068.16	1.04233
687.162	-1233.24	6113.07	1.04218
707.618	-1250.73	6160.27	1.04203
733.313	-1299.2	6200.8	1.04192
758.277	-1365.32	6239.91	1.04181
772.969	-1409.33	6279.38	1.04169
780.626	-1413.52	6328.81	1.04154
782.916	-1388.87	6376.71	1.0414
787.3	-1339.97	6426.57	1.04125
793.671	-1295.57	6473.37	1.0411
800.993	-1260.17	6517.5	1.04095
806.387	-1246.02	6549.04	1.0408
813.058	-1256.89	6564.91	1.04066
825.86	-1296.9	6588.75	1.04053
837.708	-1353.45	6609.64	1.0404
845.989	-1395.88	6641.69	1.04026
852.718	-1425.3	6687.3	1.04012
855.927	-1435.33	6740.46	1.03999
858.255	-1431.04	6797.95	1.03985
863.355	-1416.72	6855.18	1.03971
874.917	-1400.64	6905.01	1.03958
892.749	-1388.23	6947.48	1.03944
909.053	-1383.81	6975.5	1.03931
922.352	-1385.64	6993.68	1.03917
930.906	-1395.97	7002.76	1.03904
932.71	-1413.42	7002.47	1.03892
931.808	-1462.91	6994.27	1.03882
932.422	-1527.62	6976.89	1.03873
928.352	-1592.33	6953.88	1.03864
920.697	-1645.8	6941.26	1.03856
907.751	-1672.39	6933.86	1.03848
892.299	-1674.05	6933.38	1.0384
879.401	-1656.87	6945.56	1.03831
870.265	-1626.91	6961.91	1.03823
865.695	-1600.37	6976.73	1.03815
866.184	-1580.22	6993.98	1.03806
870.796	-1569.68	7008.58	1.03798
873.063	-1528.11	7030.74	1.03785
875.727	-1474.21	7057.12	1.03773
878.225	-1421.39	7085.77	1.0376
879.65	-1380.88	7112.23	1.03747
882.286	-1364.01	7136.86	1.03734
885.021	-1369.38	7157.48	1.03722
887.844	-1390.99	7175.69	1.03709
890.394	-1419.11	7193.84	1.03696
892.343	-1448.85	7217.42	1.03684
891.744	-1469.71	7242.49	1.03671
893.804	-1478.28	7272.26	1.03658
897.94	-1484.96	7304.68	1.03646
901.069	-1481.21	7336.18	1.03633
909.462	-1515.35	7358.36	1.03624
920.161	-1579.81	7374.28	1.03616
927.196	-1656.17	7384.38	1.03608
930.382	-1720.47	7397.29	1.036
928.421	-1766.93	7420.62	1.03592
920.854	-1768.23	7453.35	1.03583
910.332	-1710.95	7503.21	1.03571
904.076	-1630.59	7562.34	1.03559
904.03	-1549	7621.99	1.03548
913.085	-1488.97	7678.56	1.03536
926.919	-1457.8	7729.38	1.03524
942.696	-1456.8	7770.51	1.03512
956.893	-1477.19	7814.13	1.035
970.765	-1528.08	7853.6	1.03489
930.207	-1539.51	7829.56	1.03479
847.423	-1511.38	7738.34	1.03468
745.976	-1459.68	7592.87	1.03457
644.692	-1398.27	7405.63	1.03446
550.245	-1335.09	7204.92	1.03435
470.317	-1283.34	7007.73	1.03423
402.793	-1248.82	6827.2	1.03411
351.106	-1242.04	6678.98	1.03399
304.632	-1244.29	6576.46	1.03387
282.361	-1258.39	6557.52	1.03374
302.221	-1307.04	6646.64	1.03363
368.979	-1384.29	6853.02	1.0335
474.892	-1492.15	7136.06	1.03339
507.716	-1481.44	7297.02	1.03335
487.203	-1375.1	7342.69	1.03331
431.636	-1222.78	7282.71	1.03328
357.757	-1058.23	7134.9	1.03324
279.998	-921.68	6931.53	1.03319
201.895	-843.049	6695.98	1.03315
124.776	-826.667	6461.48	1.03311
49.3363	-871.1	6258.73	1.03307
-17.9891	-936.677	6122.24	1.03301
-77.1839	-994.339	6054.08	1.03296
-120.612	-1027.81	6049.59	1.03289
-143.823	-1050.08	6093.65	1.03285
-146.563	-1053.27	6172.63	1.0328
-130.551	-1039.63	6272.47	1.03274
-101.046	-1018.42	6375.88	1.03268
-65.9674	-996.961	6466.9	1.03263
-31.1674	-989.686	6533.51	1.03258
-3.14325	-1008.51	6569.83	1.03254
12.3342	-1047.6	6578.19	1.0325
16.5454	-1095.21	6569.92	1.03248
8.13276	-1143.6	6550.21	1.03246
-10.5972	-1180.26	6524.53	1.03245
-37.8722	-1192.91	6501.75	1.03243
-69.1883	-1173.87	6487.19	1.0324
-99.2424	-1144.34	6479.1	1.03237
-123.889	-1123.81	6475.23	1.03235
-141.319	-1109.63	6476.78	1.03233
-149.607	-1109.34	6482.92	1.03231
-155.956	-1101.32	6491.01	1.03226
-156.751	-1090.15	6504.15	1.03222
-153.412	-1085.19	6519.87	1.03219
-150.682	-1074.9	6539.57	1.03214
-151.22	-1081.99	6545.86	1.03211
-154.608	-1088.16	6545.13	1.03206
-160.895	-1097.48	6536.78	1.03202
-168.744	-1099.4	6525.91	1.03197
-178.211	-1099.74	6512.3	1.03193
-189.073	-1089.79	6498.5	1.03187
-200.869	-1079.38	6483.73	1.03182
-210.022	-1071.94	6471.82	1.03178
-216.412	-1074.01	6464	1.03174
-220.338	-1070.74	6460.03	1.03168
-223.378	-1071.42	6456.82	1.03164
-225.754	-1069.08	6456.68	1.03158
-228.364	-1062.19	6457.42	1.03153
-233.741	-1059.12	6458.67	1.03149
-240.693	-1062.67	6461.56	1.03145
-243.403	-1060.2	6474.41	1.0314
-243.547	-1058.93	6491.9	1.03136
-243.954	-1052.27	6513.31	1.03132
-243.629	-1048.57	6530.95	1.03128
-242.561	-1036.19	6542.7	1.03124
-241.592	-1033.07	6543.07	1.03121
-244.34	-1053.6	6533.01	1.0312
-253.256	-1090.27	6522.43	1.0312
-265.449	-1125.56	6508.46	1.03119
-277.632	-1142.93	6492.25	1.03118
-290.642	-1157.49	6482.72	1.03117
-303.478	-1146.37	6474.89	1.03115
-311.738	-1116.21	6474.24	1.03113
-315.999	-1065.12	6478.24	1.0311
-319.472	-1037.12	6483.87	1.03109
-323.224	-1023.68	6490.91	1.03107
-326.202	-1024.88	6503.05	1.03105
-327.487	-1050.4	6520.98	1.03104
-326.018	-1091.13	6546.88	1.03103
-322.556	-1129.81	6576.87	1.03102
-318.276	-1151.95	6607.47	1.03101
-313.837	-1155.65	6633.14	1.03099
-309.166	-1143.63	6651.79	1.03098
-308.444	-1123.77	6663.44	1.03096
-311.813	-1097.7	6666.43	1.03094
-318.121	-1073.91	6658.22	1.03092
-326.407	-1056.8	6638.71	1.03091
-336.661	-1042.03	6611.43	1.03088
-348.411	-1029.35	6578.96	1.03086
-352.036	-1010.82	6535.13	1.03083
-355.648	-1002.1	6487.22	1.03081
-361.89	-1003.03	6438.91	1.03079
-370.894	-1011.71	6396.02	1.03077
-380.429	-1022.93	6361.24	1.03075
-391.701	-1032.69	6332.87	1.03073
-407.296	-1037.65	6320.88	1.03071
-422.227	-1040.46	6323.05	1.0307
-432.623	-1023.29	6335.63	1.03066
-436.455	-996.518	6353.96	1.03063
-435.564	-979.493	6374.87	1.0306
-432.877	-978.013	6398.41	1.03058
-426.009	-995.629	6417.15	1.03056
-438.962	-1027.27	6460.83	1.03054
-448.889	-1048.33	6506.22	1.03052
-446.399	-1058.53	6548.06	1.03049
-433.122	-1059.34	6581.83	1.03046
-413.665	-1052.95	6604.71	1.03044
-391.431	-1040.45	6616.33	1.03041
-376.13	-1033.25	6620.94	1.03038
-367.317	-1035.46	6622.75	1.03036
-360.556	-1039.02	6619.72	1.03033
-355.402	-1045.18	6609.89	1.0303
-353.076	-1066.01	6593.12	1.03028
-351.852	-1094.48	6577.86	1.03027
-352.176	-1123.33	6566.01	1.03026
-352.411	-1146.39	6556.46	1.03025
-348.728	-1139.86	6555.07	1.03021
-345.744	-1115.94	6558.18	1.03018
-344.602	-1086.11	6567.89	1.03015
-345.664	-1065.43	6581.16	1.03012
-347.079	-1072.77	6592.49	1.0301
-347.14	-1102.27	6601.02	1.03009
-343.97	-1144.55	6609.14	1.03008
-336.156	-1158.43	6622.55	1.03004
-326.94	-1174.12	6638.78	1.03003
-317.94	-1189.64	6655.28	1.03002
-311.836	-1198.16	6669.17	1.03001
-306.396	-1201.99	6683.52	1.03
-300.559	-1201.93	6694.18	1.02998
-296.779	-1199.78	6702.48	1.02997
-291.405	-1162.7	6707.72	1.02993
-289.346	-1135.63	6707.64	1.02991
-287.083	-1102.7	6704.97	1.02987
-284.506	-1074.69	6701.34	1.02983
-283.634	-1058.01	6693.77	1.02979
-284.517	-1055.04	6683.18	1.02974
-287.085	-1061.63	6672.01	1.0297
-289.776	-1073.04	6664.85	1.02966
-286.9	-1078.53	6655.19	1.02961
-280.046	-1080.04	6646.29	1.02957
-272.983	-1070.92	6636.37	1.02951
-263.746	-1052.81	6627.51	1.02945
-251.013	-1042.58	6613.97	1.0294
-241.253	-1029.1	6601.76	1.02934
-235.317	-1019.53	6588.03	1.02927
-233.06	-1015.68	6571.87	1.02921
-235.678	-1033.1	6549.83	1.02917
-255.592	-1088.07	6543.36	1.02915
-287.539	-1161.25	6556.71	1.02913
-318.641	-1231.69	6592.29	1.02911
-338.469	-1270.42	6646.59	1.02908
-340.285	-1265.21	6710.09	1.02904
-324.331	-1220.84	6768.65	1.02899
-295.367	-1148.62	6805.64	1.02894
-260.078	-1069.92	6813.77	1.02889
-229.161	-1009.38	6785.06	1.02884
-207.08	-973.707	6733.16	1.02879
-207.518	-1008.82	6670.84	1.02877
-233.175	-1089.35	6619.19	1.02875
-273.303	-1180.66	6592.32	1.02873
-313.437	-1257.76	6587.28	1.02871
-342.781	-1295.93	6608.61	1.02869
-354.217	-1307.13	6645.64	1.02867
-346.854	-1282.85	6695.71	1.02864
-324.033	-1225.72	6748.97	1.02859
-289.76	-1152.9	6791.28	1.02854
-251.167	-1081.89	6809.07	1.02849
-216.627	-1021.44	6800.1	1.02843
-193.389	-991.511	6760.25	1.02838
-187.78	-977.779	6698.42	1.02833
-204.286	-995.923	6628.86	1.02829
-240.909	-1058.28	6565.8	1.02826
-290.318	-1144.77	6526.07	1.02825
-337.346	-1224.52	6514.81	1.02823
-370.481	-1276.32	6531.69	1.02822
-382.347	-1294.36	6568.37	1.0282
-373.635	-1273.13	6617.88	1.02817
-351.556	-1242.69	6670.35	1.02816
-321.564	-1213.43	6715.93	1.02814
-291.154	-1194.13	6749.28	1.02813
-267.009	-1187.62	6773.07	1.02812
-252.67	-1189.98	6787.24	1.02811
-248.9	-1184.73	6787.2	1.02808
-252.745	-1188.98	6774.92	1.02807
-261.527	-1199.75	6753.97	1.02806
-275.049	-1194.42	6727.32	1.02804
-284.633	-1171.72	6703.35	1.028
-286.987	-1131.52	6679.37	1.02796
-281.348	-1081.89	6651.23	1.02791
-269.963	-1027.72	6617.07	1.02785
-262.659	-998.332	6581.84	1.0278
-260.318	-982.438	6544.08	1.02775
-264.127	-970.431	6509.51	1.02769
-271.727	-979.576	6476.15	1.02764
-287.489	-1004.7	6457.12	1.02759
-305.458	-1038.48	6452.43	1.02754
-319.2	-1061.87	6457.15	1.02749
-323.388	-1080.1	6464.34	1.02744
-317.247	-1084.14	6475.26	1.02739
-306.407	-1078.91	6481.77	1.02735
-294.39	-1058.32	6484.3	1.02729
-282.959	-1034.49	6478.65	1.02724
-275.187	-1016.63	6465.01	1.02719
-273.135	-1006.45	6446.27	1.02714
-277.895	-1008.55	6426.28	1.02709
-290.805	-1005.97	6407.57	1.02704
-303.366	-999.786	6390.17	1.02698
-312.708	-993.339	6370.53	1.02693
-316.128	-985.994	6352.14	1.02688
-315.727	-977.707	6337.33	1.02682
-312.471	-972.967	6328.65	1.02676
-308.633	-972.302	6325.83	1.0267
-305.501	-976.124	6327.78	1.02665
-303.596	-982.357	6333.61	1.02659
-302.699	-988.822	6342.19	1.02653
-302.215	-993.824	6352.21	1.02647
-301.397	-997.604	6361.94	1.02641
-300.051	-998.357	6370.74	1.02635
-297.092	-997.405	6379.82	1.0263
-292.171	-996.227	6390.14	1.02624
-285.49	-996.024	6402.33	1.02618
-278.474	-997.851	6414.19	1.02611
-272.357	-1000.73	6424.47	1.02605
-268.922	-1002.87	6430.11	1.02599
-267.823	-1004.88	6430.91	1.02593
-268.457	-1007.2	6427.29	1.02587
-271.503	-1007.08	6418.68	1.02581
-276.979	-1004.21	6404.65	1.02575
-283.646	-998.663	6387.99	1.02568
-291.39	-991.706	6368.63	1.02562
-296.498	-985.357	6349.25	1.02556
-299.329	-982.236	6331.54	1.0255
-300.03	-980.783	6320.25	1.02543
-299.915	-983.768	6319.35	1.02537
-299.345	-989.538	6327.23	1.0253
-298.141	-996.104	6341.59	1.02523
-295.801	-1002.88	6359.38	1.02517
-294.249	-1006.71	6373.67	1.02511
-293.935	-1005.41	6381.62	1.02504
-294.059	-1000.46	6383.19	1.02498
-294.322	-993.906	6379.01	1.02492
-293.779	-988.422	6372.47	1.02485
-293.049	-986.214	6364.14	1.02479
-292.844	-986.906	6355.3	1.02473
-293.561	-989.48	6347.15	1.02467
-294.152	-993.474	6342.88	1.02461
-294.719	-997.553	6342.44	1.02454
-294.999	-1001.85	6344.89	1.02448
-294.93	-1004.11	6349.94	1.02442
-295.235	-1004.76	6353.89	1.02435
-295.692	-1001.74	6357.18	1.02429
-297.11	-994.924	6357.46	1.02423
-299.759	-987.394	6352.23	1.02417
-303.775	-981.516	6340.17	1.02411
-308.333	-978.135	6323.79	1.02404
-314.237	-974.264	6304.32	1.02398
-319.933	-973.133	6290.98	1.02392
-324.605	-975.591	6283.9	1.02386
-327.331	-978.689	6278.75	1.0238
-328.523	-982.935	6280.11	1.02374
-326.968	-985.213	6285.15	1.02367
-322.526	-986.31	6294.72	1.02361
-317.832	-984.601	6304.92	1.02355
-315.548	-981.042	6309.42	1.02349
-311.905	-981.28	6314.35	1.02343
-309.124	-982.445	6317.27	1.02337
-307.362	-985.037	6317.85	1.02331
-306.878	-986.762	6316.91	1.02325
-308.512	-986.601	6312.62	1.02319
-310.392	-985.636	6308.21	1.02313
-313.368	-982.45	6302.33	1.02307
-316.499	-979.514	6295.35	1.02301
-318.361	-977.046	6290.78	1.02295
-317.712	-974.892	6286.59	1.02289
-315.933	-971.317	6283.84	1.02283
-313.876	-968.851	6281.97	1.02278
-310.935	-967.151	6278.93	1.02272
-307.276	-967.156	6277.37	1.02266
-304.074	-969.585	6276.84	1.0226
-300.831	-971.31	6275.64	1.02254
-303.81	-976.029	6281.76	1.02249
-312.473	-986.698	6296.33	1.02243
-324.494	-1006.54	6323.45	1.02238
-339.516	-1028.91	6367.57	1.02233
-350.957	-1053.21	6422.01	1.02228
-356.802	-1099.57	6479.79	1.02226
-357.3	-1151.74	6542.69	1.02224
-350.38	-1173.43	6610.31	1.0222
-333.546	-1162.6	6666.91	1.02216
-312.045	-1151.12	6704.04	1.02214
-296.262	-1143.5	6728.77	1.02212
-285.289	-1132.2	6738.66	1.02209
-277.718	-1115.7	6731.67	1.02206
-275.681	-1088.16	6709.4	1.02202
-275.971	-1050.82	6671.26	1.02198
-276.236	-1005.93	6626.05	1.02192
-277.652	-962.343	6572.34	1.02187
-280.801	-933.704	6512.73	1.02182
-298.091	-972.886	6463.09	1.02181
-327.683	-1055.68	6437.28	1.0218
-359.747	-1148.14	6439.28	1.0218
-384.189	-1223.03	6470.69	1.0218
-395.544	-1262.97	6525.98	1.02179
-389.803	-1258.78	6593.47	1.02177
-369.13	-1231.72	6656.54	1.02176
-338.226	-1196.23	6709.2	1.02175
-304.793	-1164.12	6745.56	1.02174
-276.124	-1142.85	6763.06	1.02174
-255.767	-1136.39	6759.58	1.02173
-247.227	-1129.63	6741.12	1.02171
-252.066	-1136.89	6712.06	1.02171
-267.262	-1154.57	6682.3	1.0217
-285.735	-1163.92	6655.51	1.02168
-300.485	-1174.18	6628.69	1.02167
-311.239	-1184.03	6606.98	1.02167
-317.315	-1190.93	6592.21	1.02166
-312.009	-1167.35	6587.08	1.02162
-302.948	-1156.89	6585.89	1.02162
-289.623	-1122	6593.46	1.02157
-277.316	-1100.24	6600.63	1.02155
-270.216	-1073	6613.25	1.0215
-262.179	-1038.64	6619.66	1.02144
-253.126	-1012.55	6617.53	1.02139
-245.178	-990.219	6608.56	1.02134
-241.761	-991.246	6596.67	1.02129
-240.329	-1001.82	6582.05	1.02124
-241.334	-1014.11	6568.12	1.02119
-242.681	-1010.07	6556.6	1.02113
-245.507	-1005.2	6546.82	1.02108
-248.381	-1010.32	6536.38	1.02103
-249.573	-1024.35	6528.48	1.021
-249.972	-1050.07	6523.73	1.02097
-250.154	-1075.25	6523.95	1.02094
-246.812	-1100.34	6526.9	1.02092
-240.931	-1114.6	6531.58	1.0209
-234.277	-1107.02	6533.5	1.02087
-227.618	-1082.36	6530.64	1.02083
-219.263	-1056.1	6521.38	1.0208
-209.137	-1030.03	6506.53	1.02077
-199.414	-1011.42	6485.16	1.02074
-192.769	-997.426	6455.06	1.0207
-191.767	-991.474	6420.3	1.02067
-195.448	-995.312	6382.59	1.02064
-206.562	-992.491	6351.88	1.02059
-217.701	-991.759	6323.62	1.02056
-226.361	-1000.57	6298.07	1.02053
-232.887	-1018.88	6274.26	1.0205
-237.262	-1036.56	6259.42	1.02047
-238.133	-1062.72	6249.42	1.02046
-240.168	-1082.53	6240.35	1.02044
-243.011	-1073.84	6238.49	1.02039
-246.097	-1044.66	6241.95	1.02034
-250.2	-1004.29	6246.16	1.02029
-257.219	-976.766	6248.8	1.02025
-262.16	-955.911	6248.76	1.0202
-266.066	-948.375	6247.03	1.02015
-270.107	-949.748	6240.42	1.0201
-273.079	-948.314	6234.43	1.02004
-277.391	-949.407	6227.6	1.01999
-279.729	-957.263	6224.24	1.01995
-284.089	-973.876	6217.36	1.01991
-288.515	-996.173	6212.89	1.01988
-293.547	-1017.67	6211.44	1.01985
-299.591	-1033.9	6212.83	1.01982
-306.972	-1040.79	6216.95	1.0198
-314.553	-1040.98	6224.33	1.01978
-321.868	-1040.87	6231.73	1.01976
-329.921	-1039.9	6235.97	1.01974
-339.245	-1035.25	6230.9	1.01971
-348.445	-1029.41	6220.61	1.01968
-358.879	-1011.78	6208.16	1.01964
-370.182	-982.596	6194.51	1.01959
-379.788	-954.706	6182.4	1.01955
-386.033	-935.905	6170.01	1.0195
-391.388	-926.92	6159.18	1.01945
-394.907	-928.481	6150.65	1.01941
-398.512	-935.628	6143.33	1.01936
-402.144	-944.664	6138.12	1.01931
-402.537	-954.265	6134.91	1.01926
-404.333	-956.494	6130.84	1.01921
-402.742	-950.069	6120.29	1.01915
-399.02	-937.693	6112.74	1.0191
-397.402	-926.326	6112.26	1.01904
-399.375	-922.223	6111.57	1.01899
-401.185	-927.868	6114.34	1.01895
-402.239	-940.329	6119.61	1.0189
-401.899	-953.427	6127.23	1.01885
-399.738	-961.357	6137.15	1.0188
-394.639	-960.7	6146.65	1.01875
-388.646	-953.713	6154.27	1.0187
-382.78	-934.367	6157.72	1.01865
-380.865	-915.689	6148.93	1.0186
-383.475	-900.867	6130.67	1.01855
-388.239	-890.797	6100.17	1.0185
-392.504	-887.77	6068.07	1.01846
-396.222	-899.516	6027.99	1.01842
-398.203	-926.267	5987.57	1.0184
-396.278	-953.98	5953.95	1.01837
-389.902	-968.047	5930.7	1.01834
-383.103	-965.161	5917.55	1.0183
-378.761	-952.176	5909.63	1.01828
-376.546	-934.656	5906.05	1.01825
-377.199	-916.595	5898.51	1.01822
-377.912	-898.376	5892.82	1.01818
-378.658	-888.456	5881.86	1.01815
-378.311	-888.018	5863.21	1.01812
-377.333	-897.412	5842.62	1.0181
-387.664	-893.34	5827.4	1.01805
-400.771	-880.867	5816.36	1.018
-410.222	-872.238	5807.6	1.01796
-408.821	-875.901	5797.9	1.01793
-411.058	-876.547	5791.19	1.01789
-415.263	-876.291	5785.15	1.01785
-419.374	-882.069	5778.71	1.01782
-427.402	-889.373	5770.88	1.01778
-440.757	-890.869	5764.09	1.01775
-456.684	-888.693	5756.45	1.01772
-470.95	-894.176	5750.82	1.0177
-484.036	-901.797	5745.73	1.01768
-496.165	-906.994	5744.29	1.01765
-505.989	-909.03	5741.4	1.01763
-514.457	-905.079	5740.67	1.0176
-521.679	-901.373	5742.89	1.01758
-529.347	-895.691	5745.97	1.01755
-536.915	-891.313	5750.89	1.01752
-543.719	-889.066	5754.19	1.0175
-549.05	-888.626	5753.36	1.01747
-550.401	-887.589	5749.4	1.01744
-548.706	-885.906	5743.68	1.01741
-546.536	-881.32	5736.23	1.01738
-543.394	-876.237	5728.1	1.01736
-541.761	-869.824	5723.6	1.01733
-541.472	-862.98	5720.62	1.01729
-541.693	-857.481	5716.79	1.01726
-542.477	-848.839	5714.68	1.01723
-541.394	-840.604	5713.67	1.0172
-540.45	-836.128	5714.98	1.01716
-540.9	-836.835	5719.55	1.01713
-539.15	-836.911	5726.4	1.01709
-533.473	-829.826	5730.7	1.01705
-518.781	-826.479	5727.9	1.01701
-509.209	-817.458	5726.33	1.01697
-496.634	-810.956	5720.66	1.01693
-474.582	-820.597	5705.28	1.0169
-462.276	-830.727	5687.2	1.01687
-464.729	-830.798	5672.26	1.01682
-463.881	-827.754	5659.9	1.01679
-464.38	-808.249	5654.4	1.01675
-455.831	-784.657	5647.81	1.01671
-438.607	-762.959	5639.96	1.01666
-419.434	-732.862	5634.67	1.01659
-399.215	-712.914	5630.49	1.01652
-380.07	-699.837	5627.43	1.01645
-364.983	-695.893	5622.53	1.01638
-354.004	-697.279	5616.07	1.01631
-344.403	-705.882	5604.45	1.01625
-335.298	-707.572	5596.77	1.01617
-328.319	-711.134	5583.97	1.0161
-319.467	-715.593	5564.93	1.01605
-312.551	-724.605	5541.96	1.016
-312.335	-749.966	5510.65	1.01597
-310.837	-785.067	5472.29	1.01594
-300.524	-812.723	5435.11	1.01591
-286.004	-821.048	5403.63	1.01589
-276.263	-812.052	5382.17	1.01586
-278.626	-792.739	5368.76	1.01584
-289.053	-769.301	5359.95	1.01582
-302.015	-750.984	5353.85	1.0158
-309.465	-742.562	5350.12	1.01578
-313.782	-737.131	5345.6	1.01576
-309.771	-736.804	5338.26	1.01573
-305.92	-733.208	5329.4	1.01571
-300.979	-728.984	5316.42	1.01569
-296.856	-729.167	5301.89	1.01567
-294.079	-734.228	5285.88	1.01566
-299.072	-733.475	5269.14	1.01564
-307.81	-727.619	5254.09	1.01561
-317.507	-711.938	5242.23	1.0156
-312.111	-702.156	5229.76	1.01559
-300.366	-699.427	5222.14	1.01557
-288.146	-707.702	5220.67	1.01555
-282.266	-717.451	5225.38	1.01554
-279.081	-726.757	5229.78	1.01553
-278.348	-726.513	5239.36	1.01551
-271.634	-722.365	5245.49	1.0155
-259.109	-711.443	5248	1.01548
-243.567	-697.953	5243.69	1.01547
-229.249	-686.705	5234.84	1.01545
-218.429	-681.086	5219.77	1.01543
-212.061	-673.15	5206.83	1.0154
-205.948	-643.706	5208.78	1.01535
-200.025	-587.765	5231.51	1.01527
-212.288	-532.221	5272.61	1.01517
-228.228	-500.9	5317.43	1.01508
-229.967	-498.743	5360.91	1.01499
-209.02	-519.525	5400.65	1.0149
-170.92	-541.732	5435.64	1.01481
-121.949	-557.935	5461.64	1.01472
-77.7944	-560.878	5474.55	1.01463
-46.3786	-552.922	5465.22	1.01454
-30.5033	-543.381	5438.62	1.01445
-27.5211	-542.297	5402.52	1.01436
-34.8927	-545.573	5368.95	1.01427
-46.0813	-552.928	5346.06	1.01418
-53.3181	-557.774	5335.62	1.01409
-53.7207	-557.885	5337.35	1.014
-45.1773	-556.003	5350.43	1.01392
-30.0935	-551.752	5370.68	1.01383
-7.85782	-549.886	5393.47	1.01375
17.9676	-546.655	5415.48	1.01368
45.4216	-546.771	5429.46	1.0136
69.31	-552.945	5436.88	1.01353
84.7889	-559.164	5438.18	1.01345
91.3432	-558.492	5438.94	1.01338
93.1185	-551.504	5439.19	1.0133
100.55	-550.305	5435.1	1.01322
109.084	-551.522	5426.63	1.01314
116.755	-550.437	5416.54	1.01306
120.767	-547.375	5400.91	1.01297
122.639	-543.259	5383.03	1.01289
121.985	-539.264	5364.09	1.0128
119.31	-531.702	5345.91	1.01272
114.434	-526.287	5330.55	1.01263
109.739	-526.771	5316.21	1.01254
104.001	-543.138	5298.96	1.01246
98.4123	-555.858	5288.54	1.01238
95.4817	-550.222	5288.36	1.01231
94.9769	-533.105	5293.54	1.01223
96.4602	-515.227	5297.08	1.01216
95.1929	-504.863	5295.6	1.01209
89.8605	-502.699	5289.58	1.01203
85.7498	-506.724	5279.26	1.01196
83.2109	-503.901	5274.59	1.01189
86.1961	-491.527	5270.94	1.01181
91.7655	-469.835	5262.26	1.01172
96.6631	-450.775	5242.29	1.01164
92.8861	-437.206	5214.61	1.01155
84.0657	-445.755	5178.98	1.01148
64.773	-466.001	5155.69	1.01139
45.3144	-482.327	5155	1.0113
33.8121	-490.439	5175.85	1.01121
33.6606	-493.399	5210.49	1.01112
51.0426	-489.791	5249.62	1.01103
82.9275	-489.744	5271.81	1.01096
114.733	-491.99	5275.03	1.0109
135.158	-499.434	5260.25	1.01083
138.065	-509.764	5232.39	1.01077
130.945	-528.288	5196.74	1.01072
120.277	-541.757	5162.96	1.01065
106.551	-547.663	5143.05	1.01059
94.7679	-560.38	5128.85	1.01055
98.9927	-577.897	5114.69	1.01052
114.227	-590.091	5099.95	1.0105
130.281	-602.057	5084.86	1.01048
141.18	-627.399	5069.64	1.01048
145.322	-649.25	5058.34	1.01048
144.433	-659.869	5053.87	1.01048
141.701	-671.083	5057.08	1.0105
140.183	-666.039	5066.14	1.0105
144.822	-643.49	5077.4	1.01048
156.658	-619.749	5089.95	1.01047
167.851	-606.865	5103.03	1.01046
176.915	-605.945	5112.28	1.01044
184.5	-618.292	5117.84	1.01044
191.796	-644.93	5119.28	1.01044
197.305	-671.41	5117.12	1.01045
200.567	-674.146	5114.06	1.01044
202.224	-663.576	5112.45	1.01044
201.992	-657.045	5109.01	1.01043
200.218	-650.964	5105.89	1.01043
199.875	-650.705	5103.52	1.01042
200.301	-655.611	5102	1.01041
203.015	-667.855	5101.63	1.0104
200.932	-671.735	5112.33	1.01038
203.035	-681.442	5118.79	1.01036
208.242	-694.625	5121.01	1.01034
210.556	-702.43	5124.01	1.01033
207.843	-707.996	5124.62	1.01031
200.722	-709.696	5123.79	1.0103
190.834	-704.114	5124.36	1.01029
183.546	-695.8	5124.17	1.01029
177.627	-690.362	5120.18	1.01028
169.558	-690.046	5114.69	1.01027
161.839	-691.874	5108.56	1.01026
153.602	-693.135	5104.33	1.01026
142.718	-692.114	5105.17	1.01025
132.233	-692.785	5108.3	1.01025
131.832	-670.091	5113.08	1.01023
128.448	-664.158	5112.86	1.01023
130.771	-638.682	5114.48	1.01019
118.888	-611.621	5123.27	1.01015
102.594	-599.108	5137.9	1.01011
93.4155	-597.312	5159.3	1.01007
97.387	-603.272	5186.7	1.01002
115.629	-611.283	5214.9	1.00998
141.503	-613.424	5235.8	1.00995
166.002	-625.275	5247.7	1.0099
186.436	-635.81	5245.75	1.00986
200.917	-668.482	5227.71	1.00986
216.458	-677.773	5197.19	1.00984
218.863	-676.113	5164.2	1.00983
213.002	-678.915	5135.52	1.00982
203.563	-689.137	5119.6	1.00982
199.388	-689.624	5119.32	1.0098
205.735	-692.17	5131.47	1.00979
223.163	-705.054	5154.83	1.00979
251.171	-717.564	5184.94	1.00979
285.547	-735.988	5212.05	1.00979
317.818	-751.985	5235.09	1.00979
346.516	-761.49	5249.34	1.00979
367.702	-762.056	5257.82	1.0098
381.219	-756.328	5258.34	1.0098
387.601	-743.772	5253.63	1.0098
391.506	-733.184	5245.64	1.0098
394.347	-726.025	5236.2	1.0098
397.175	-722.025	5227.47	1.0098
402.019	-719.121	5219.11	1.0098
408.005	-715.578	5219.05	1.0098
417.572	-716.104	5217.89	1.00981
428.471	-721.014	5221.3	1.00981
444.316	-729.298	5235.16	1.00981
451.921	-729.944	5254.42	1.00981
459.27	-727.601	5278.78	1.00981
459.626	-718.521	5300.28	1.00981
460.783	-709.627	5314.02	1.00981
469.166	-704.946	5325.29	1.00981
478.096	-702.494	5331.32	1.0098
484.824	-706.423	5329.36	1.0098
489.229	-713.651	5325.62	1.00979
490.487	-717.838	5318.84	1.00979
490.368	-718.792	5308.51	1.00979
487.651	-716.201	5297.37	1.00979
481.303	-714.625	5282.78	1.0098
475.184	-714.784	5266.23	1.0098
464.808	-718.15	5254.38	1.0098
453.304	-719.604	5248.03	1.00981
439.281	-714.644	5242.96	1.00981
426.338	-704.955	5235.8	1.00982
418.854	-697.602	5231.01	1.00982
413.281	-695.051	5227.75	1.00983
405.235	-692.198	5228.24	1.00983
399.358	-692.306	5232.53	1.00983
395.062	-692.692	5238.99	1.00984
391.624	-693.386	5245.73	1.00984
389.428	-692.882	5253.96	1.00984
389.21	-693.559	5259.65	1.00984
389.29	-693.262	5264.31	1.00985
385.808	-692.487	5264.35	1.00985
377.834	-686.997	5265.54	1.00985
370.614	-682.851	5268.33	1.00985
366.073	-679.436	5269.93	1.00986
361.898	-678.038	5270.04	1.00986
358.474	-677.8	5266.59	1.00986
354.698	-678.201	5263.08	1.00986
348.572	-678.886	5260.06	1.00986
342.01	-680.373	5255.29	1.00986
335.885	-681.684	5252.24	1.00986
329.096	-685.751	5250.16	1.00986
319.942	-690.881	5246.83	1.00986
308.31	-691.709	5246.94	1.00986
297.209	-691.193	5248.36	1.00986
283.154	-688.369	5254.01	1.00986
271.08	-687.98	5253.91	1.00986
261.404	-691.1	5256.06	1.00984
251.011	-698.128	5253.75	1.00983
236.836	-702.523	5254.2	1.00983
221.888	-702.194	5254.35	1.00982
205.098	-700.264	5255.31	1.0098
188.455	-700.67	5253.81	1.00979
174.662	-702.829	5253.02	1.00978
166.979	-705.035	5250.53	1.00977
160.993	-708.592	5243.79	1.00976
153.197	-713.028	5237.96	1.00975
142.313	-717.531	5236.57	1.00973
131.123	-719.984	5239.47	1.00972
119.987	-719.802	5247.78	1.00971
109.807	-713.962	5257.59	1.00969
103.79	-710.068	5271.54	1.00967
96.9644	-708.97	5277.4	1.00965
99.6762	-708.485	5288.68	1.00963
111.336	-699.155	5301.13	1.00961
123.132	-700.98	5302.04	1.00959
131.006	-717.367	5291.27	1.00958
134.817	-731.277	5273.96	1.00957
133.712	-737.744	5257.27	1.00956
127.701	-738.667	5243.41	1.00955
115.785	-732.794	5234.27	1.00953
103.947	-726.126	5231.55	1.00952
93.3723	-722.607	5234.42	1.00951
87.6058	-724.041	5239.34	1.0095
85.9551	-728.44	5239.69	1.00949
84.421	-726.854	5235.82	1.00948
78.0699	-716.836	5226.41	1.00946
67.1483	-710.381	5209.5	1.00944
50.5863	-714.587	5191.19	1.00942
31.9162	-714.341	5173.63	1.0094
11.1604	-714.643	5159.35	1.00939
-11.1659	-714.55	5147.66	1.00937
-30.2508	-716.783	5137.58	1.00935
-50.0937	-714.404	5130.79	1.00933
-65.9731	-716.214	5131.36	1.00932
-85.598	-705.432	5135.75	1.00929
-109.691	-706.665	5139.83	1.00928
-132.75	-701.104	5149.22	1.00925
-153.801	-694.867	5159.68	1.00923
-167.679	-697.339	5172.83	1.00921
-179.909	-698.124	5188.81	1.00918
-190.744	-694.744	5204.93	1.00916
-204.418	-689.331	5217.93	1.00914
-218.575	-684.378	5224.74	1.00911
-234.069	-679.042	5228.56	1.00909
-247.673	-674.434	5231.09	1.00907
-260.367	-673.608	5230.57	1.00905
-271.657	-673.951	5225.95	1.00903
-283.904	-674.869	5219.42	1.00901
-296.476	-675.175	5215.76	1.00899
-310.532	-676.766	5213.79	1.00896
-322.38	-678.015	5213.58	1.00894
-332.935	-674.588	5214.38	1.00892
-343.241	-667.431	5212.98	1.00889
-351.871	-666.928	5205	1.00888
-359.517	-663.739	5192.78	1.00886
-369.34	-658.191	5177.15	1.00884
-380.979	-649.303	5162.8	1.00882
-389.763	-645.629	5149.36	1.00881
-395.911	-645.833	5137.22	1.00879
-402.523	-646.904	5129.01	1.00877
-409.217	-639.343	5126.18	1.00874
-417.052	-632.565	5125.58	1.00873
-425.009	-626.158	5122.41	1.00871
-433.293	-619.476	5118.3	1.00869
-438.618	-614.01	5114.93	1.00867
-441.849	-609.475	5110.51	1.00865
-446.536	-605.839	5105.57	1.00864
-451.674	-605.351	5098.6	1.00863
-456.581	-605.837	5089.22	1.00861
-461.288	-607.332	5077.1	1.0086
-467.248	-605.313	5067.8	1.00859
-474.932	-601.561	5057.48	1.00858
-484.839	-595.026	5048.69	1.00857
-493.958	-589.651	5040.9	1.00856
-502.724	-589.102	5034.88	1.00855
-511.375	-591.648	5023.85	1.00854
-521.509	-591.646	5008.79	1.00852
-530.819	-585.651	4992.21	1.00851
-542.229	-580.225	4974.34	1.0085
-554.697	-577.211	4958.85	1.00849
-568.889	-572.694	4951.55	1.00848
-582.814	-571.342	4948.71	1.00847
-595.074	-568.822	4948.44	1.00846
-605.721	-563.275	4948.46	1.00844
-615.641	-561.039	4949.41	1.00843
-623.763	-558.414	4951.95	1.00841
-631.997	-557.794	4956.89	1.0084
-639.424	-555.451	4963.9	1.00838
-649.119	-553.539	4970.41	1.00836
-661.668	-549.447	4976.3	1.00834
-677.822	-543.636	4983.11	1.00832
-694.448	-537.464	4988.47	1.0083
-707.973	-532.618	4993.24	1.00828
-719.766	-530.538	4995.93	1.00826
-729.394	-534.585	4997.02	1.00824
-737.987	-539.524	5001.15	1.00822
-746.525	-545.276	5008.79	1.0082
-755.622	-546.236	5017	1.00818
-766.878	-543.943	5023.21	1.00816
-776.726	-540.215	5025.75	1.00814
-787.454	-538.781	5023.39	1.00812
-798.465	-536.382	5016.42	1.0081
-809.706	-531.918	5005.29	1.00808
-819.682	-528.347	4992.39	1.00806
-828.431	-527.099	4980.32	1.00804
-834.833	-525.436	4969.84	1.00802
-841.286	-523.155	4962.66	1.008
-847.164	-516.282	4958.5	1.00798
-852.069	-509.798	4954.22	1.00796
-858.056	-505.098	4950.41	1.00794
-859.168	-506.668	4952.57	1.00792
-855.01	-510.486	4957.14	1.0079
-851.095	-511.551	4960.14	1.00788
-852.395	-508.919	4960.71	1.00786
-858.582	-502.458	4954.73	1.00784
-865.115	-494.792	4945.75	1.00782
-871.009	-489.341	4933.81	1.0078
-876.305	-483.433	4920.28	1.00778
-880.201	-478.345	4908.61	1.00776
-880.018	-472.946	4894.41	1.00774
-881.129	-459.393	4880.09	1.00771
-884.25	-451.718	4867.02	1.00768
-887.372	-449.758	4853.14	1.00765
-890.146	-448.341	4842.49	1.00762
-894.469	-445.729	4839.29	1.00759
-899.379	-442.359	4840.28	1.00756
-899.988	-444.676	4840.57	1.00753
-901.264	-447.319	4840.85	1.00751
-903.985	-449.539	4843.41	1.00748
-908.725	-450.878	4842.16	1.00745
-914.14	-448.179	4841.74	1.00742
-922.211	-450.333	4841.61	1.0074
-929.169	-449.797	4841.38	1.00737
-935.641	-446.532	4841.3	1.00734
-941.992	-444.948	4839.86	1.00732
-948.474	-444.895	4837.58	1.0073
-955.552	-441.01	4837.28	1.00727
-964.681	-438.058	4839.5	1.00724
-973.481	-438.396	4841.92	1.00721
-989.674	-430.022	4836.24	1.00718
-1001.53	-428.199	4834.78	1.00715
-1006.72	-434.52	4832.96	1.00713
-1021.21	-435.891	4828.56	1.0071
-1028.35	-433.908	4829.84	1.00707
-1042.06	-425.614	4826.56	1.00704
-1043.08	-412.35	4831.16	1.007
-1042.71	-406.437	4839.51	1.00696
-1056.17	-408.405	4840.41	1.00692
-1061.37	-414.409	4849.27	1.00688
-1061.29	-416.021	4862.16	1.00684
-1059.78	-417.082	4876.41	1.0068
-1062.59	-419.648	4889.87	1.00676
-1067.1	-421.942	4902.67	1.00672
-1074.76	-428.155	4917.82	1.00669
-1080.59	-432.207	4930.65	1.00665
-1083.16	-431.889	4937.1	1.0066
-1082.54	-425.514	4938.08	1.00656
-1082.37	-414.723	4932.06	1.00651
-1084.94	-408.806	4922.52	1.00647
-1090.01	-410.406	4913.99	1.00642
-1095.94	-417.53	4910.47	1.00638
-1110.85	-410.958	4894.36	1.00634
-1115.88	-404.82	4887.16	1.0063
-1109	-400.621	4886.29	1.00626
-1116.26	-392.866	4871.12	1.00622
-1131.4	-385.662	4848.47	1.00618
-1146.16	-374.35	4825	1.00614
-1146.99	-368.779	4820.9	1.0061
-1150.5	-370.152	4812.9	1.00606
-1143.65	-381.548	4820.69	1.00602
-1136.06	-387.157	4838.61	1.00598
-1131.03	-380.098	4857.57	1.00593
-1130.65	-370.667	4869	1.00589
-1132.54	-360.198	4872.76	1.00585
-1137.74	-348.744	4865.51	1.0058
-1144.13	-337.341	4849.36	1.00576
-1148.59	-332.536	4828.35	1.00571
-1152.28	-331.375	4806.5	1.00567
-1154.85	-330.148	4790.04	1.00562
-1158.16	-328.303	4779.11	1.00558
-1160.69	-329.425	4773.6	1.00554
-1165.12	-329.137	4769.71	1.0055
-1170.3	-324.493	4766.6	1.00545
-1173.26	-322.955	4762.33	1.00541
-1177.05	-324.016	4758.16	1.00537
-1179.51	-324.356	4755.99	1.00533
-1182.05	-320.507	4754.71	1.00529
-1185.31	-317.367	4755.45	1.00526
-1187.33	-316.093	4757.21	1.00522
-1190.88	-318.086	4758.59	1.00518
-1191.58	-321.262	4762.31	1.00514
-1188.64	-325.897	4769.05	1.0051
-1186.66	-328.389	4774.86	1.00506
-1185.83	-328.245	4778.75	1.00502
-1187.57	-322.56	4778.94	1.00498
-1189.9	-314.805	4775.85	1.00494
-1191.79	-306.418	4771.18	1.00489
-1192.84	-301.869	4765.49	1.00485
-1193.04	-303.232	4759.64	1.00481
-1191.29	-307.862	4757.87	1.00476
-1190.92	-311.6	4757.54	1.00471
-1189.49	-312.335	4756.57	1.00467
-1188.31	-311.205	4754.97	1.00462
-1186.18	-307.323	4751.4	1.00458
-1185.05	-302.368	4746.9	1.00453
-1185.08	-294.757	4738.65	1.00448
-1184.84	-290.187	4731.07	1.00442
-1186.43	-289.069	4722.95	1.00437
-1188.66	-287.164	4717.35	1.00431
-1190.86	-289.198	4718.67	1.00426
-1195.16	-283.438	4722.74	1.0042
-1200.29	-279.007	4728.77	1.00414
-1206.42	-275.785	4735.04	1.00408
-1213.99	-270.853	4733.54	1.00403
-1217.17	-273.431	4731.79	1.00398
-1222.86	-272.539	4727.25	1.00392
-1231.9	-269.48	4718.81	1.00387
-1240.35	-265.691	4711.78	1.00381
-1249.4	-263.088	4704.38	1.00376
-1256.02	-266.35	4699.35	1.00371
-1261.5	-269.81	4698.27	1.00365
-1264.31	-268.765	4706.74	1.00358
-1261.99	-260.029	4727.18	1.00351
-1266.11	-250.134	4743.08	1.00343
-1264.05	-253.659	4757.56	1.00336
-1263.26	-273.702	4767.31	1.00329
-1266.91	-292.466	4772.31	1.00323
-1270.27	-303.643	4778.51	1.00317
-1274.6	-308.494	4783.29	1.00311
-1277.22	-308.865	4790.25	1.00305
-1274.42	-308.076	4801.41	1.00298
-1274.73	-306.536	4805.55	1.00292
-1274.69	-306.831	4810.08	1.00285
-1277.79	-301.53	4811.38	1.00279
-1284.03	-298.698	4807.48	1.00272
-1288.75	-304.398	4808.21	1.00266
-1293.64	-305.681	4810.84	1.0026
-1299.74	-310.55	4821.39	1.00253
-1306.46	-315.014	4836.31	1.00247
-1311.53	-322.296	4857.23	1.0024
-1314.81	-316.771	4880.44	1.00234
-1309.91	-313.589	4899.36	1.00227
-1308.72	-309.466	4901.47	1.00221
-1304.61	-310.624	4896.28	1.00215
-1302.23	-308.099	4881.26	1.00208
-1301.08	-319.632	4873.95	1.00203
-1305.59	-342.61	4875.04	1.00197
-1312.02	-366.205	4890.8	1.00193
-1315.11	-390.481	4917.88	1.00188
-1326.65	-414.041	4962.64	1.00185
-1341.92	-413.774	5025	1.0018
-1358.82	-426.25	5091.06	1.00177
-1363.07	-421.812	5150.96	1.00172
-1369.17	-420.026	5208.46	1.00168
-1371.42	-414.232	5250.89	1.00164
-1371.53	-396.137	5274.26	1.0016
-1377.44	-381.001	5279.76	1.00155
-1379.2	-388.865	5270.47	1.00151
-1381.31	-392.548	5257.18	1.00147
-1383.51	-390.291	5248.92	1.00141
-1374.66	-384.278	5229.06	1.00137
-1362.98	-368.189	5198.53	1.00131
-1360.12	-339.842	5157.18	1.00125
-1364.61	-316.939	5107.68	1.00119
-1380.13	-308.381	5070.13	1.00113
-1393.05	-334.924	5060.59	1.00108
-1404.25	-347.787	5083.54	1.00102
-1404.42	-330.607	5120.26	1.00094
-1396.41	-282.218	5166.98	1.00083
-1395.69	-238.217	5199.91	1.00073
-1407.24	-219.341	5231.07	1.00063
-1405.59	-244.678	5238.02	1.00055
-1393.8	-303.819	5205.13	1.00051
-1385.06	-375.589	5170.99	1.00048
-1384.83	-396.074	5162.29	1.00042
-1382.58	-406.239	5172.9	1.00038
-1395.86	-382.152	5194.18	1.00033
-1399.63	-349.135	5212.64	1.00027
-1394.79	-316.133	5230.38	1.0002
-1396.54	-289.492	5230.82	1.00012
-1393.35	-281.518	5214.96	1.00005
-1382.73	-292.166	5186.32	0.999986
-1375.01	-310.803	5162.64	0.999917
-1370.05	-338.466	5147.7	0.999859
-1371.31	-359.164	5134.88	0.999806
-1370.53	-381.319	5122.4	0.999765
-1369.55	-384.399	5118.11	0.999713
-1376.6	-458.158	5102.54	0.999736
-1369.97	-459.646	5109.12	0.999693
-1366.02	-496.221	5111.29	0.999711
-1362.72	-460.513	5128.71	0.999666
-1368.5	-401.566	5155.4	0.999612
-1378.31	-349.767	5180.1	0.99955
-1373.82	-334.595	5183.12	0.999498
-1367.4	-336.165	5178	0.99944
-1361.1	-350.578	5157.13	0.999389
-1367.94	-355.121	5145.09	0.999326
-1376.55	-357.127	5138.39	0.99927
-1382.58	-358.822	5141.78	0.999215
-1382.16	-364.417	5148.57	0.999164
-1371.6	-378.771	5147.14	0.999124
-1360.5	-385.649	5142.44	0.999079
-1344.35	-375.262	5134.88	0.999027
-1338.88	-352.822	5130.88	0.998964
-1344.64	-334.222	5130.3	0.998901
-1349.62	-336.224	5128.89	0.998843
-1347.53	-343	5125.92	0.998783
-1337.15	-348.236	5121.15	0.998722
-1324.37	-351.577	5102.7	0.998667
-1310.1	-348.368	5078.89	0.998607
-1297.25	-346.123	5051.38	0.998551
-1285.33	-339.473	5023.65	0.998489
-1278.48	-334.057	4992.53	0.998426
-1270.73	-320.135	4966.94	0.998351
-1263.76	-306.843	4939.34	0.998282
-1252.99	-301.774	4912.26	0.998214
-1239.67	-306.157	4890.85	0.998147
-1226.8	-317.216	4875.77	0.998073
-1217.35	-324.4	4866.06	0.998004
-1203.52	-327.387	4870.59	0.997934
-1189.35	-333.726	4884.94	0.997865
-1176.36	-343.193	4905.64	0.997799
-1165.6	-349.667	4923.08	0.997736
-1151.46	-352.799	4932.06	0.997676
-1143.11	-335.354	4916	0.997606
-1138.37	-318.727	4874.15	0.997543
-1132.04	-309.63	4815.51	0.997484
-1128.11	-309.003	4749.16	0.997429
-1121.18	-313.867	4685.38	0.997375
-1112.43	-320.335	4634.22	0.997317
-1106.22	-326.111	4594.79	0.997264
-1098.82	-341.351	4582.6	0.997217
-1090.76	-358.814	4596.83	0.997171
-1075.52	-373.323	4623.26	0.997127
-1043.72	-380.579	4659.28	0.997084
-1015.65	-379.087	4681.98	0.997047
-995.314	-373.883	4688.49	0.997007
-981.775	-367.735	4681.09	0.996968
-967.05	-360.531	4663.61	0.996931
-951.075	-360.723	4650.38	0.996895
-938.344	-366.412	4640.96	0.996857
-927.527	-374.22	4637.12	0.996817
-914.434	-379.051	4632.43	0.996776
-903.592	-385.01	4626.49	0.996736
-894.523	-387.867	4619.54	0.996697
-885.848	-387.211	4606.44	0.996655
-880.76	-387.506	4587.96	0.996614
-877.594	-394.42	4567.91	0.996568
-878.291	-401.56	4552.3	0.996523
-881.828	-404.398	4544.67	0.996475
-883.925	-409.93	4545.37	0.996426
-884.026	-416.289	4552.11	0.996375
-882.364	-421.796	4561.73	0.996326
-879.451	-422.667	4567.25	0.99628
-879.004	-417.997	4571.13	0.996235
-883.595	-412.656	4576.6	0.996188
-887.675	-412.541	4580.65	0.996144
-892.258	-419.44	4586.31	0.996104
-894.271	-421.49	4594.9	0.996059
-893.423	-420.121	4603.42	0.996014
-895.026	-414.509	4615.12	0.995963
-896.214	-410.975	4625.14	0.995915
-895.983	-406.609	4632.69	0.995863
-899.012	-407.7	4631.98	0.995809
-894.924	-411.327	4626.12	0.995758
-886.445	-412.679	4618.89	0.995708
-882.231	-411.963	4609.48	0.995651
-883.098	-409.081	4600.79	0.995599
-878.214	-407.207	4592.04	0.995548
-874.155	-402.66	4586.46	0.995492
-867.809	-403.336	4580.12	0.995442
-862.299	-404.23	4573.46	0.995386
-855.558	-402.557	4566.76	0.995328
-849.506	-400.726	4566.04	0.995276
-837.941	-399.387	4558.12	0.995223
-824.567	-392.491	4553.84	0.995172
-809.8	-384.586	4550.53	0.995119
-794.192	-379.74	4545.84	0.995063
-778.933	-376.636	4544.49	0.99501
-765.347	-378.002	4545.3	0.994959
-754.705	-381.906	4550.27	0.994908
-740.173	-385.14	4553.54	0.994862
-724.088	-383.264	4551.28	0.994815
-705.284	-382.621	4539.27	0.994773
-689.593	-379.57	4523.85	0.994727
-672.518	-384.114	4499.88	0.994692
-661.308	-387.992	4479.3	0.994645
-654.416	-385.894	4463.24	0.994595
-649.885	-386.775	4449.97	0.99455
-649.377	-383.915	4446.4	0.994502
-644.845	-381.549	4445.83	0.994448
-634.247	-383.992	4446.67	0.994404
-624.298	-381.077	4443.65	0.994359
-620.456	-375.45	4437.95	0.994316
-615.917	-369.538	4432.01	0.994267
-614.168	-368.373	4425.96	0.994227
-615.496	-367.208	4422.59	0.994184
-617.668	-365.443	4417.6	0.994136
-622.303	-365.945	4406.79	0.994096
-628.45	-361.651	4394.01	0.994051
-633.561	-358.919	4381.59	0.994007
-635.14	-357.989	4370.29	0.993959
-641.064	-353.785	4366.28	0.993915
-647.991	-351.644	4365.14	0.993869
-652.36	-345.582	4368.62	0.993823
-654.798	-343.341	4375.08	0.993778
-654.538	-341.018	4383.33	0.993731
-655.3	-336.815	4386.61	0.993685
-655.712	-333.183	4384.93	0.993639
-657.638	-326	4379.07	0.993591
-659.377	-328.248	4367.86	0.993541
-661.214	-324.635	4355.02	0.993497
-663.857	-318.924	4343.66	0.993454
-664.095	-311.077	4337.17	0.993402
-663.964	-310.145	4333.56	0.993361
-660.969	-311.82	4334.22	0.993319
-656.85	-313.543	4340.79	0.993278
-650.344	-311.625	4346.59	0.993235
-642.512	-307.165	4350.44	0.993194
-634.494	-294.44	4344.89	0.993149
-631.277	-286.983	4330.5	0.993108
-630.4	-284.118	4313.77	0.993069
-633.32	-280.962	4301.1	0.993024
-633.172	-279.263	4292.5	0.992987
-634.367	-283.907	4289.66	0.992949
-629.975	-281.923	4295.89	0.992909
-621.182	-275.564	4297.72	0.992866
-614.503	-270.276	4289.73	0.992828
-615.531	-267.053	4283.3	0.99279
-618.978	-267.453	4281.91	0.992752
-618.213	-269.711	4280.53	0.992716
-613.014	-268.697	4281.03	0.99268
-602.269	-260.81	4279.88	0.992638
-582.661	-256.635	4280.78	0.992602
-565.816	-256.705	4260.95	0.992562
-563.476	-258.862	4237.71	0.992517
-566.631	-259.114	4212.57	0.992478
-577.444	-260.905	4196.34	0.99244
-574.654	-262.488	4200.05	0.992405
-571.016	-263.296	4205	0.992368
-565.365	-266.108	4213.43	0.992333
-559.156	-270.596	4224.21	0.992304
-557.323	-271.953	4229.93	0.992275
-556.283	-269.384	4233.29	0.992248
-546.896	-257.489	4220.48	0.992217
-537.399	-240.948	4194.2	0.992176
-532.656	-231.983	4169.68	0.992141
-540.196	-233.966	4144.62	0.99211
-548.532	-237.014	4136.21	0.992074
-554.198	-240.839	4142.28	0.992038
-558.474	-245.515	4161.46	0.992003
-565.921	-253.551	4194.95	0.991969
-574.897	-263.462	4241	0.991938
-565.317	-258.942	4278.3	0.991905
-559.258	-254.731	4306.22	0.991877
-557.826	-250.496	4324.83	0.991846
-554.876	-251.626	4332.69	0.991822
-534.082	-239.319	4313.9	0.99179
-530.326	-238.109	4288.31	0.991762
-527.306	-234.633	4252.42	0.991729
-540.969	-239.432	4223.9	0.991701
-555.608	-244.078	4211.11	0.991668
-575.558	-250.128	4192.74	0.991629
-588.22	-252.654	4183.97	0.991586
-593.41	-254.307	4181.43	0.991545
-599.96	-257.133	4192.28	0.991503
-593.284	-254.623	4212.91	0.991462
-576.27	-248.874	4223.49	0.991423
-564.324	-245.946	4228.73	0.991388
-559.952	-243.764	4224.45	0.991354
-557.69	-241.304	4222.08	0.991319
-550.897	-238.697	4212.99	0.991286
-546.589	-234.581	4196.97	0.991247
-549.633	-233.022	4181.3	0.991212
-552.964	-232.627	4166.21	0.991177
-551.949	-235.957	4157.47	0.991132
-546.648	-246.442	4149.44	0.991097
-541.609	-256.101	4147.58	0.991061
-539.777	-259.546	4151.75	0.991024
-538.169	-259.274	4156.42	0.990992
-536.722	-260.215	4158.79	0.990961
-536.015	-256.378	4160.62	0.990927
-532.431	-256.562	4159.47	0.9909
-525.597	-255.961	4164.94	0.990874
-519.062	-256.571	4175.51	0.990848
-515.17	-252.962	4188.6	0.990821
-511.451	-250.959	4201.15	0.990799
-506.732	-243.289	4210.18	0.990766
-503.036	-236.248	4212.98	0.990737
-514.703	-236.305	4183.94	0.990709
-536.049	-228.806	4133.83	0.990667
-555.105	-219.682	4079.42	0.990625
-563.026	-218.697	4026.17	0.990589
-553.183	-223.535	4019.24	0.990546
-543.673	-239.951	4053.86	0.990511
-549.301	-249.547	4092.82	0.990477
-548.809	-250.3	4132.38	0.990442
-540.169	-247.332	4160.47	0.990409
-528.367	-241.791	4172.28	0.990375
-515.551	-235.027	4175.89	0.990338
-507.506	-228.243	4174.76	0.990305
-505.805	-229.232	4168.16	0.99027
-508.327	-234.56	4159.75	0.990236
-509.589	-233.118	4155.64	0.990199
-510.006	-235.946	4152.67	0.990165
-496.607	-233.224	4141	0.990134
-494.44	-236.83	4133.18	0.990106
-498.231	-241.253	4134.04	0.990076
-504.014	-243.551	4139.38	0.99005
-502.16	-245.608	4148.77	0.990022
-496.673	-245.035	4159.04	0.989989
-489.843	-242.388	4169.52	0.989961
-487.151	-242.927	4170.83	0.989932
-483.834	-240.577	4162.26	0.989896
-485.011	-242.426	4136.9	0.989871
-498.749	-239.423	4089.09	0.989837
-497.104	-237.905	4062.3	0.989805
-495.817	-239.323	4038.63	0.989776
-494.938	-243.698	4031	0.989746
-503.426	-253.678	4049.26	0.989719
-517.541	-265.646	4092.59	0.989696
-513.335	-264.019	4133.67	0.989666
-497.561	-253.373	4161.27	0.989638
-482.442	-242.695	4166.94	0.989612
-476.735	-225.838	4154.82	0.989579
-483.135	-217.02	4129.44	0.989549
-499.266	-217.396	4098.43	0.989521
-515.232	-219.6	4074.13	0.989493
-530.467	-222.725	4059.22	0.989465
-544.122	-226.99	4057.29	0.98944
-541.075	-219.33	4049.27	0.98941
-535.636	-204.166	4036.3	0.989375
-549.409	-202.861	4033.01	0.989348
-568.918	-208.381	4037.1	0.989317
-582.75	-210.978	4048.02	0.989287
-589.532	-209.999	4058.6	0.989256
-589.847	-206.454	4068.16	0.989223
-584.839	-199.252	4077.45	0.989193
-580.892	-194.613	4084.67	0.989162
-577.508	-189.238	4091.98	0.989126
-573.944	-186.645	4098.98	0.98909
-569.968	-185.477	4106.58	0.989056
-566.794	-186.727	4112.04	0.989019
-563.282	-184.135	4113.94	0.98898
-564.111	-179.404	4107.61	0.98894
-565.785	-176.356	4098.68	0.9889
-567.954	-177.505	4089.55	0.988858
-564.02	-174.376	4081.1	0.988814
-561.259	-178.662	4064.76	0.988773
-559.308	-182.839	4048.94	0.988731
-554.034	-188.658	4032.82	0.988694
-547.968	-192.465	4024.16	0.988655
-540.278	-193.109	4024.02	0.988618
-523.059	-188.303	4017.97	0.988577
-507.27	-184.718	4005.3	0.988539
-504.977	-189.363	4000.33	0.988501
-507.578	-194.467	4004.46	0.988466
-504.133	-197.228	4015.16	0.988423
-493.851	-199.587	4029.36	0.988382
-479.285	-199.398	4040.33	0.988341
-466.153	-195.943	4046.08	0.988299
-454.723	-197.24	4041.93	0.988264
-447.344	-200.913	4031.89	0.988227
-442.616	-204.408	4023.25	0.98819
-438.195	-205.82	4016.45	0.988154
-433.035	-206.823	4014.96	0.988117
-425.975	-206.993	4015.79	0.98808
-420.799	-204.795	4020.88	0.988043
-415.477	-204.239	4026.77	0.988
-407.666	-203.618	4034.59	0.987955
-395.194	-203.021	4037.24	0.987916
-383.869	-202.371	4035.23	0.987877
-373.438	-200.275	4031.08	0.987837
-364.617	-203.975	4022.14	0.987804
-356.345	-208.413	4013.42	0.987771
-346.508	-209.12	4006.53	0.98774
-337.866	-209.286	3999.88	0.987707
-329.569	-209.566	3995.42	0.987678
-323.685	-211.841	3993.19	0.987647
-319.283	-215.606	3993.2	0.987618
-314.818	-218.178	3995.45	0.987589
-307.505	-219.576	3996.51	0.987561
-300.834	-221.902	3993.23	0.987538
-295.569	-221.737	3988.65	0.987513
-293.13	-218.564	3982.53	0.987486
-291.29	-217.373	3976.06	0.987457
-295.725	-214.724	3960.39	0.987432
-300.011	-212.639	3942.59	0.987406
-301.61	-217.192	3926.82	0.987375
-311.367	-212.885	3909.39	0.987353
-309.568	-216.556	3908.88	0.987329
-304.004	-225.31	3920.52	0.987304
-297.692	-227.83	3935.46	0.987274
-291.499	-231.459	3946.08	0.987248
-286.244	-231.164	3947	0.987219
-284.7	-219.502	3943.32	0.987197
-287.873	-211.099	3931.86	0.987172
-291.748	-206.363	3916.34	0.987148
-297.16	-214.598	3896.94	0.987108
-303.916	-216.113	3885.57	0.98708
-309.973	-209.411	3880.03	0.987058
-314.736	-208.776	3874.51	0.987032
-317.842	-202.79	3874.16	0.987006
-322.248	-195.442	3877.08	0.98698
-322.401	-195.104	3877.33	0.986956
-328.695	-191.606	3880.01	0.986921
-336.619	-185.566	3879.49	0.986893
-340.091	-185.594	3870.17	0.986857
-339.137	-183.607	3868.75	0.986822
-340.392	-178.644	3869.28	0.986792
-339.826	-175.013	3879.67	0.986753
-320.907	-180.995	3888.03	0.986723
-303.918	-184.562	3887.37	0.986682
-295.982	-183.744	3882.91	0.986656
-297.425	-179.878	3876.97	0.986628
-302.944	-181.181	3869.71	0.986593
-307.106	-181.98	3867.63	0.986563
-305.553	-185.514	3869.11	0.986537
-300.834	-187.945	3875.72	0.986508
-293.67	-188.609	3888.79	0.986482
-285.619	-191.571	3903.54	0.98646
-273.822	-195.262	3913.12	0.986439
-267.868	-203.227	3902.34	0.986407
-264.327	-199.802	3893.65	0.986389
-259.274	-190.104	3896.04	0.986375
-251.703	-186.13	3900.99	0.986358
-241.956	-187.604	3908.69	0.98634
-228.806	-193.406	3916.11	0.986326
-215.849	-204.096	3931.46	0.986317
-199.358	-208.707	3948.59	0.986306
-182.797	-208.058	3964.11	0.986294
-167.998	-205.077	3975.75	0.986283
-154.879	-203.826	3978.02	0.986272
-141.52	-203.665	3975.51	0.986261
-129.603	-205.379	3970	0.986252
-121.304	-205.025	3962.72	0.986241
-117.341	-208.687	3954.5	0.986231
-114.67	-211.739	3951.54	0.98622
-110.257	-209.813	3952.64	0.986213
-107.131	-213.058	3953.33	0.986198
-98.7798	-212.862	3958.61	0.986189
-90.567	-212.31	3967.1	0.986179
-83.7357	-209.592	3973.84	0.986168
-79.3853	-208.356	3971.82	0.986157
-74.8166	-206.806	3971.69	0.98615
-73.7466	-211.494	3968.38	0.986143
-73.8027	-211.125	3964.48	0.986134
-73.5673	-208.087	3958.75	0.986125
-71.2494	-204.209	3948.8	0.986115
-68.4076	-202.378	3938.22	0.98611
-65.9576	-200.281	3926.58	0.986103
-63.8991	-202.878	3911.69	0.986098
-64.6451	-204.729	3897.86	0.986099
-65.8906	-204.743	3884.93	0.986099
-69.4182	-202.071	3872.44	0.986098
-72.7463	-199.789	3856.81	0.986099
-76.5736	-196.056	3846.94	0.986102
-79.3108	-188.497	3838.87	0.986094
-80.4976	-183.474	3831.28	0.986086
-82.0638	-178.728	3822.78	0.986079
-83.2295	-176.539	3813.73	0.986071
-85.2659	-175.951	3802.81	0.986059
-87.4851	-173.376	3792.99	0.986051
-90.9062	-172.231	3786.29	0.986043
-92.6838	-173.807	3781.43	0.986029
-92.5156	-171.197	3779.28	0.986025
-92.4887	-167.3	3779.33	0.986019
-91.2706	-176.786	3771.79	0.98599
-88.5379	-182.269	3765.22	0.985976
-88.8762	-176.486	3763.7	0.985968
-89.7788	-171.675	3766.09	0.985962
-90.669	-162.99	3772.61	0.985962
-88.494	-159.424	3780.51	0.985961
-80.0654	-175.415	3781.89	0.985936
-71.994	-175.482	3784.7	0.985932
-67.2742	-167.849	3788.45	0.985926
-61.8404	-161.485	3792.53	0.985916
-58.6612	-156.201	3796	0.985914
-54.575	-158.205	3800.86	0.985904
-48.572	-156.308	3808.38	0.985894
-38.7311	-155.598	3812.22	0.985893
-30.9904	-150.354	3816.16	0.985887
-19.9436	-147.758	3815.59	0.985894
-12.1497	-146.988	3809.71	0.985897
-8.4745	-151.733	3805.04	0.985891
-6.55131	-156.66	3803.87	0.985889
-3.45968	-162.171	3805.23	0.985879
-0.360535	-160.016	3812.57	0.985865
5.6966	-159.963	3819.69	0.985857
14.8335	-166.129	3822.92	0.985853
23.61	-168.229	3829.24	0.985852
31.4022	-164.394	3836.74	0.985846
37.4832	-163.28	3842.93	0.985836
41.6279	-166.367	3841.02	0.985833
46.7146	-166.647	3838.06	0.985825
48.3058	-162.932	3835.72	0.985813
49.7633	-159.628	3833.95	0.985797
50.7017	-153.47	3836.84	0.985777
49.9836	-150.482	3838.6	0.985767
49.926	-156.002	3837.18	0.985761
55.5781	-162.656	3828.69	0.985751
58.9281	-163.498	3814.54	0.985748
54.9548	-171.352	3798.74	0.985736
42.3079	-168.73	3795.91	0.985728
28.7092	-162.67	3802.35	0.985718
22.6127	-162.172	3809.22	0.98571
25.1255	-165.327	3814.47	0.985708
28.2266	-166.676	3817.73	0.985705
27.8709	-169.076	3817.25	0.985697
24.8613	-168.053	3813.12	0.985691
18.1706	-163.117	3808.05	0.98569
9.42317	-160.812	3802.38	0.98569
0.332268	-159.753	3798.5	0.985693
-5.64369	-163.779	3793.6	0.985689
-14.3237	-162.457	3791.86	0.98569
-19.7041	-161.15	3791.97	0.985688
-23.326	-165.106	3791.52	0.985693
-26.5606	-169.227	3787.03	0.985696
-33.5253	-168.985	3784.13	0.98569
-38.7841	-168.527	3782.5	0.985686
-41.1616	-179.198	3776.23	0.985704
-40.3121	-206.039	3764.86	0.985713
-41.3712	-226.069	3755.01	0.985741
-51.0372	-219.209	3761.59	0.985759
-62.5696	-192.47	3778.78	0.985757
-57.3435	-194.077	3782.24	0.985783
-46.6099	-215.479	3772.13	0.985833
-49.0169	-216.346	3773.62	0.98584
-56.734	-205.555	3786.61	0.985836
-59.9231	-181.854	3809	0.985824
-55.7466	-159.149	3829.73	0.985791
-44.9798	-149.963	3842.62	0.985764
-36.371	-149.708	3853.27	0.985729
-32.326	-160.527	3864.06	0.985698
-27.9258	-177.255	3878.44	0.98566
-21.4961	-182.963	3901.82	0.985625
-16.2398	-191.468	3933.79	0.985597
-7.74403	-197.912	3972.51	0.985578
5.70195	-203.74	4013.22	0.985571
22.9252	-212.547	4051.13	0.985572
39.9464	-216.855	4091.41	0.985585
69.0618	-205.514	4118	0.985586
79.1658	-219.92	4138.48	0.985595
82.3399	-243.027	4158.79	0.98561
84.5627	-261.782	4177.81	0.985626
94.6209	-266.415	4191.12	0.985643
106.01	-265.567	4194.13	0.985654
111.923	-270.053	4182.72	0.985669
109.753	-267.882	4166.8	0.985684
103.442	-266.215	4148.01	0.985702
94.2237	-267.734	4136.24	0.985721
82.4418	-277.063	4140.29	0.98574
76.9285	-287.485	4156.16	0.985761
82.091	-293.8	4179.86	0.985781
97.6946	-297.568	4202.42	0.985802
115.744	-306.488	4210.42	0.985836
130.152	-314.579	4215.53	0.985866
133.221	-305.898	4212.21	0.985885
135.781	-300.933	4211.03	0.985909
139.267	-297.567	4212.81	0.98593
147.654	-299.797	4220.24	0.985952
152.671	-304.134	4225.32	0.985973
162.639	-302.685	4227.77	0.985993
175.509	-301.42	4219.19	0.98602
186.224	-297.373	4215.3	0.986046
189.349	-295.118	4210.05	0.98607
195.502	-293.115	4206.56	0.986096
206.38	-291.857	4208.08	0.986125
217.272	-292.366	4207.87	0.986151
230.471	-294.052	4204.49	0.986183
238.257	-290.386	4199.11	0.986209
242.563	-288.397	4194.68	0.986241
246.277	-287.703	4195.01	0.986271
247.377	-285.523	4199.66	0.986298
250.286	-283.788	4210.95	0.986318
256.661	-288.486	4224.73	0.986344
272.463	-300.835	4226.46	0.986384
285.243	-309.653	4220.41	0.98642
285.287	-316.547	4213.41	0.986459
277.453	-312.847	4210.37	0.986487
266.237	-304.951	4205.44	0.986512
261.106	-301.859	4203.59	0.986538
253.718	-302.693	4197.01	0.986563
254.379	-316.323	4195.34	0.986598
253.817	-328.968	4197.42	0.986631
250.823	-333.322	4198.41	0.986659
251.46	-334.044	4202.15	0.986689
249.894	-336.824	4202.5	0.986721
248.22	-335.654	4201.99	0.98675
245.661	-336.958	4201.5	0.986778
244.043	-338.681	4201.64	0.986806
243.303	-333.727	4204.5	0.986827
244.135	-334.405	4205.43	0.986855
241.444	-335.723	4215.01	0.986882
241.584	-342.918	4222.08	0.986914
246.528	-350.744	4228.65	0.986948
254.027	-353.782	4236.63	0.986983
257.678	-353.129	4238.3	0.987021
258.196	-346.436	4247.9	0.987053
256.914	-335.459	4259.06	0.987079
259.707	-335.966	4266.98	0.987114
265.591	-335.701	4280.8	0.987144
271.555	-337.677	4292	0.987178
268.083	-346.431	4279.11	0.987219
265.694	-357.455	4266.62	0.987265
263.748	-369.553	4264.24	0.98732
263.486	-378.47	4261.01	0.98738
264.573	-383.459	4265.03	0.987444
266.663	-399.616	4277.7	0.987526
271.751	-400.047	4303.16	0.987599
279.562	-379.507	4334.84	0.987659
293.202	-351.364	4362.36	0.987708
308.405	-327.432	4385.78	0.987756
321.426	-318.295	4398.15	0.987805
334.826	-318.71	4398.41	0.987858
341.666	-319.633	4391.52	0.987911
342.53	-323.806	4377.61	0.987965
337.076	-325.747	4363.24	0.988022
331.018	-321.307	4354.02	0.988073
326.926	-314.609	4348.34	0.988127
327.678	-313.867	4344.98	0.988184
332.086	-309.167	4347.35	0.988239
339.061	-304.033	4353.07	0.988292
349.575	-300.725	4357.42	0.988345
366.497	-284.5	4355.82	0.988383
385.309	-272.678	4339.59	0.988431
396.012	-260.677	4311.36	0.988471
398.747	-252.943	4274.13	0.988516
385.344	-253.408	4241.09	0.988557
373.096	-252.859	4218.82	0.988596
363.422	-255.025	4212	0.988628
360.404	-254.394	4225.07	0.988667
368.27	-253.917	4244.24	0.988708
386.53	-254.26	4260.5	0.988747
410.501	-251.08	4267.06	0.988777
425.691	-244.268	4264.7	0.988807
431.318	-240.154	4255.07	0.988838
432.481	-236.945	4236.54	0.988858
429.273	-232.95	4217.25	0.988882
419.629	-235.595	4197.94	0.988893
411.767	-232.336	4185.6	0.988918
411.936	-221.731	4174.16	0.988944
424.434	-214.931	4152.94	0.988953
439.317	-199.408	4125.5	0.988962
439.552	-194.497	4095.95	0.988961
423.725	-214.372	4079.67	0.98898
411.98	-230.451	4080.1	0.988993
412.696	-229.22	4094.5	0.989007
425.248	-227.26	4111.11	0.989011
442.167	-212.124	4133.79	0.989021
463.25	-196.791	4152.87	0.989023
483.153	-198.722	4163.9	0.989035
501.662	-200.447	4165.87	0.989042
513.229	-203.41	4164.44	0.98904
523.302	-205.749	4159.32	0.989039
531.094	-214.85	4152.62	0.989029
535.292	-228.515	4150.78	0.989032
535.394	-249.53	4159.95	0.989043
541.547	-263.763	4175.47	0.989056
557.543	-269.962	4196.38	0.989063
586.962	-255.055	4216.35	0.989078
610.036	-238.643	4223.39	0.989087
636.462	-223.436	4239.34	0.989109
659.095	-212.027	4250.89	0.98912
662.622	-211.13	4244.03	0.989134
652.632	-216.24	4228.44	0.989151
646.093	-226.121	4213.27	0.989154
643.422	-229.345	4205.4	0.989163
642.51	-226.671	4207.53	0.989179
643.219	-226.521	4214.37	0.9892
656.707	-211.589	4222.41	0.989199
676.463	-184.134	4221.45	0.989182
695.588	-159.668	4204.94	0.989149
705.869	-127.659	4179.63	0.989121
690.105	-151.172	4154.33	0.98913
664.78	-207.673	4144.83	0.989156
652.19	-230.355	4154.19	0.989154
662.709	-241.89	4175.79	0.98913
681.959	-206.719	4202.99	0.989129
702.127	-163.734	4218	0.989132
712.841	-185.364	4214.91	0.989151
720.349	-198.803	4208.06	0.989156
720.472	-207.431	4203.25	0.989182
716.732	-199.749	4202.79	0.989211
717.991	-201.429	4201.74	0.989226
723.529	-190.197	4197.98	0.989239
727.793	-175.284	4189.64	0.98927
726.518	-169.855	4177.05	0.989298
720.828	-168.291	4168.9	0.989332
718.947	-190.252	4171.61	0.989353
723.127	-205.679	4181.2	0.989367
731.18	-216.116	4191.94	0.989382
743.13	-218.237	4201.43	0.989393
734.961	-226.594	4217.88	0.989442
728.421	-231.461	4240.6	0.989504
744.404	-188.735	4254.93	0.989522
770.698	-149.275	4253.62	0.989536
793.407	-129.967	4233.06	0.989539
795.225	-132.962	4199.69	0.989546
783.799	-148.608	4167.62	0.989542
764.755	-160.021	4146.81	0.989549
747.056	-183.396	4139.11	0.989573
736.642	-187.8	4151.14	0.989591
740.877	-212.502	4174.29	0.989633
756.021	-240.218	4203.68	0.98969
776.456	-241.947	4237.16	0.989762
801.506	-236.749	4260.5	0.989839
825.593	-230.634	4268.99	0.989906
842.904	-239.324	4263.86	0.989977
848.435	-254.956	4257.59	0.99004
834.015	-276.558	4264.2	0.990126
826.376	-277.365	4282.29	0.990203
837.858	-278.292	4299.5	0.990281
855.178	-280.729	4317.65	0.990355
878.129	-285.037	4331.69	0.990433
899.428	-296.494	4341.4	0.990512
909.374	-317.213	4347.43	0.990604
911.836	-337.02	4350.46	0.9907
910.569	-347.022	4356.97	0.990795
910.562	-353.155	4362.69	0.990891
911.573	-354.777	4364.05	0.990992
911.18	-359.875	4366.38	0.991087
909.248	-363.228	4372.38	0.991184
903.974	-366.407	4385.98	0.991281
907.199	-369.157	4402.45	0.99138
918.911	-369.241	4420.14	0.991476
934.075	-373.934	4432.01	0.991579
939.977	-379.581	4441.21	0.991672
939.42	-375.219	4447.12	0.991753
946.114	-357.811	4457.12	0.991832
957.637	-344.118	4452.5	0.991909
967.004	-339.909	4441.5	0.991987
970.537	-342.521	4428.95	0.992064
975.542	-347.215	4419.95	0.992142
971.339	-353.999	4412.38	0.99222
957.661	-357.886	4411.08	0.992296
950.99	-360.602	4417.45	0.99237
953.713	-360.918	4435.77	0.992441
966.946	-367.365	4453.58	0.992517
986.661	-373.039	4472.88	0.992591
1013.3	-374.308	4487.51	0.992664
1037.46	-372.452	4489.91	0.992736
1054.62	-367.446	4487.83	0.992807
1062.17	-366.393	4481.13	0.992879
1064.19	-365.193	4471.76	0.992948
1067.43	-369.721	4468.66	0.993025
1075.92	-368.334	4477.21	0.993097
1086.59	-368.137	4488.22	0.993169
1102.32	-365.335	4500.11	0.99324
1117.94	-366.602	4505.45	0.993306
1137.58	-362.802	4515.19	0.993377
1150.68	-366.087	4519.67	0.993454
1160.8	-371.286	4518	0.993528
1165.89	-375.225	4510.22	0.993601
1171.33	-373.676	4503.96	0.993681
1176.39	-369.88	4502.49	0.99376
1180.93	-365.933	4504.98	0.993836
1183.36	-364.311	4509.38	0.993913
1188.57	-364.594	4509.77	0.993987
1185.81	-368.257	4493.57	0.994058
1183.08	-371.002	4482.49	0.994137
1191.99	-396.542	4463.36	0.994246
1198.38	-436.228	4436.59	0.994376
1187.99	-426.605	4430.08	0.994459
1170.38	-398.129	4440.13	0.994542
1148.03	-348.855	4486.34	0.994589
1157.38	-342.584	4519.52	0.994665
1187.36	-362.669	4539.69	0.994742
1222.4	-384.488	4554.41	0.99482
1244.27	-396.153	4558.13	0.994892
1251.42	-396.597	4555.33	0.994964
1245.05	-392.977	4549.08	0.995038
1228.75	-395.854	4541.12	0.995112
1209.13	-405.655	4535.43	0.995185
1195.17	-419.295	4535.3	0.995256
1190.55	-429.687	4550.44	0.995332
1191.36	-436.043	4568.05	0.995401
1204.81	-433.341	4600.17	0.995478
1225.27	-432.203	4635.4	0.995551
1243.06	-438.454	4667.28	0.995623
1263.93	-447.071	4695.39	0.995699
1285.46	-453.916	4727.17	0.995779
1298.74	-457.471	4747.04	0.995849
1307.62	-460.589	4757.52	0.995922
1313.26	-465.522	4762.5	0.995995
1313.41	-468.545	4757.85	0.996059
1307.76	-475.375	4752.14	0.996129
1300.72	-482.19	4747.59	0.996194
1295.49	-488.881	4744.63	0.996258
1293.35	-503.439	4745.32	0.99633
1293.15	-517.601	4747.23	0.996398
1297.71	-524.498	4756.19	0.996464
1303.21	-528.974	4769.27	0.996531
1312.41	-532.557	4779.74	0.996597
1322.23	-535.323	4785.65	0.996661
1330.97	-538.3	4788.83	0.996727
1336.98	-535.732	4793.49	0.996785
1337.4	-538.306	4790.07	0.996837
1338.78	-538.859	4786.04	0.996886
1340.51	-525.326	4791.83	0.996924
1347.22	-519.008	4806.57	0.996973
1358.77	-526.649	4812.7	0.997022
1373	-538.574	4812.66	0.997069
1389.16	-547.01	4822.09	0.997123
1405.48	-547.991	4840.44	0.99718
1420.61	-547.748	4862.66	0.997239
1432.98	-554.375	4882.92	0.997294
1454.56	-560.472	4899.88	0.997349
1484.89	-559.712	4917.96	0.997405
1508.79	-560.541	4927.76	0.99746
1527.69	-560.984	4930	0.997511
1536.18	-568.705	4923.11	0.997561
1537.27	-578.848	4911.39	0.997607
1535.54	-583.969	4902.93	0.997655
1533.85	-584.316	4898.92	0.997697
1535.23	-587.24	4897.25	0.997737
1541.86	-591.02	4900.74	0.997781
1548.48	-595.644	4911.99	0.997827
1562.64	-600.494	4922.24	0.997877
1573.8	-606.709	4928.33	0.997923
1583.16	-611.753	4935.5	0.99797
1593.89	-623.496	4934.31	0.998028
1600.23	-632.605	4928.53	0.998079
1604.7	-632.06	4937.83	0.998122
1603.82	-638.793	4953.95	0.998152
1599.29	-641.656	4969.66	0.998189
1603.4	-638.877	4983.23	0.998227
1611.88	-631.984	4994.87	0.998268
1627	-623.601	5000.43	0.998311
1637.96	-620.833	5000.54	0.998352
1641.62	-621.999	4996.7	0.998393
1642.64	-624.213	4986.48	0.998436
1635.32	-619.174	4970.65	0.99848
1626.79	-603.128	4953.98	0.998532
1621.85	-602.87	4935.84	0.998569
1632.77	-617.494	4943.5	0.998606
1653.06	-636.033	4978.41	0.99865
1653.97	-641.349	4981.4	0.998684
1652.24	-635.062	4970.17	0.998725
1644.43	-619.012	4948.27	0.998768
1630.62	-612.937	4917.83	0.998812
1596.93	-613.778	4909.79	0.998849
1578.46	-621.598	4911.61	0.998889
1578.84	-629.084	4924.77	0.998931
1592.04	-633.97	4948.98	0.998971
1612.73	-631.547	4973.02	0.999014
1636.08	-629.063	4992.79	0.999058
1647.31	-627.191	5001.88	0.999096
1657.61	-634.88	4998.59	0.999131
1661.73	-633.303	4986.38	0.999174
1659.98	-625.29	4969.75	0.999218
1652.27	-621.54	4953.15	0.999262
1635.59	-615.456	4947.08	0.999292
1619.37	-607.68	4938.48	0.999336
1608.34	-600.743	4929.82	0.999387
1600.63	-593.701	4921.12	0.999441
1595.27	-588.512	4914.09	0.999497
1593.05	-584.596	4907.92	0.999555
1592.62	-580.986	4906.84	0.999617
1593.93	-577.315	4912.94	0.999681
1597.09	-575.984	4922.82	0.999749
1592.57	-571.294	4947.38	0.99981
1602.15	-570.7	4962.4	0.999878
1621.1	-571.038	4965.25	0.999947
1636.16	-564.777	4960.18	1.00001
1638.61	-565.13	4948.6	1.00008
1639.21	-591.31	4940.57	1.00013
1632.78	-607.426	4945.05	1.00017
1629.14	-616.862	4959.58	1.00021
1634.12	-625.395	4971.94	1.00026
1643.3	-623.697	4980.06	1.00031
1647.08	-616.675	4984.46	1.00035
1643.93	-608.328	4984.52	1.00039
1637.07	-600.349	4978.95	1.00042
1624.83	-593.562	4967.7	1.00046
1612.18	-588.342	4954.92	1.0005
1596.74	-588.962	4939.63	1.00055
1581.21	-589.651	4924.62	1.00059
1563	-587.794	4916.08	1.00063
1537.52	-582.248	4911.92	1.00067
1511.12	-576.747	4908.86	1.00071
1492.41	-573.533	4912.23	1.00075
1479.29	-571.225	4917.49	1.00079
1473.51	-568.881	4923.54	1.00084
1467.42	-568.727	4930.29	1.00088
1461.88	-575.383	4931.81	1.00092
1450.86	-573.126	4935.38	1.00097
1440.19	-570.44	4937.87	1.00101
1428.88	-568.687	4938.51	1.00105
1417.69	-567.163	4940.31	1.00109
1409.31	-568.037	4941.99	1.00113
1400.49	-566.632	4939.23	1.00117
1391.26	-565.87	4937.83	1.00121
1381	-565.156	4935.29	1.00125
1367.51	-561.536	4933.17	1.00129
1356.29	-557.101	4934.29	1.00132
1345.08	-554.709	4936.79	1.00136
1337.49	-564.136	4936.53	1.0014
1332.68	-576.504	4935.51	1.00144
1329.96	-586.771	4937.13	1.00148
1330.21	-591.198	4941.21	1.00153
1329.61	-586.03	4942.47	1.00157
1328.72	-581.291	4944.08	1.00161
1325.86	-576.612	4953.54	1.00164
1325.24	-572.924	4972.38	1.00168
1326.11	-582.048	4980.44	1.00173
1331.74	-589.839	4984.5	1.00177
1333.22	-589.171	4983.59	1.00181
1326.07	-583.296	4980.8	1.00185
1315.28	-573.119	4975.3	1.00189
1303.96	-562.766	4971.15	1.00193
1286.21	-551.208	4964.44	1.00197
1272.88	-544.655	4964.08	1.00201
1267.92	-542.616	4969.16	1.00204
1271.21	-547.59	4976.35	1.00208
1279.43	-555.705	4984.05	1.00212
1279.89	-558.024	4989.49	1.00216
1280.77	-550.735	4994.16	1.00219
1275.06	-548.444	5003.12	1.00223
1267.89	-549.851	5013.94	1.00227
1259.3	-552.386	5029.36	1.00231
1259.96	-553.715	5066.54	1.00235
1270.37	-561.508	5125.61	1.00239
1292.88	-558.856	5190.1	1.00243
1342.97	-549.782	5232.5	1.00248
1391.46	-535.617	5249.16	1.00252
1423.36	-518.59	5247.73	1.00255
1430.41	-500.152	5232.98	1.00257
1425.54	-477.408	5206.18	1.00259
1407.59	-469.894	5172.86	1.00262
1382.32	-470.41	5143.14	1.00264
1357.54	-478.672	5121.87	1.00266
1325.28	-481.262	5090.65	1.00269
1301.97	-480.032	5074.05	1.00273
1290.61	-481.219	5078.25	1.00276
1295.12	-492.823	5099.97	1.0028
1317.05	-506.393	5129.85	1.00284
1345.6	-513.773	5161.49	1.00287
1374.09	-515.268	5190.64	1.00291
1397.14	-515.897	5210.74	1.00295
1403.03	-513.826	5204.56	1.00299
1395.78	-505.522	5180.73	1.00303
1388.14	-502.458	5161.15	1.00308
1371.26	-502.425	5130.63	1.00312
1351	-495.837	5098.51	1.00316
1331.24	-491.6	5072.33	1.00319
1315.4	-487.347	5054.67	1.00323
1302.18	-488.648	5048.04	1.00327
1293.31	-494.044	5048.7	1.00331
1287.26	-499.616	5060.4	1.00335
1290.75	-510.432	5078.99	1.00339
1299.43	-514.516	5096.79	1.00344
1307.64	-514.627	5114.51	1.00349
1316.69	-515.563	5127.43	1.00353
1325.65	-517.607	5133.89	1.00358
1343.04	-523.805	5151.41	1.00363
1361.03	-535.291	5177.81	1.00367
1373.12	-550.654	5207.45	1.00372
1388.35	-560.495	5236.39	1.00377
1409.35	-560.744	5260.76	1.00382
1430.02	-550.56	5272.73	1.00386
1443.79	-538.643	5271.04	1.0039
1446.92	-530.358	5258	1.00394
1439.55	-527.043	5238.45	1.00398
1428.61	-528.979	5217.76	1.00402
1413.91	-532.158	5198.37	1.00406
1400.64	-537.076	5186.13	1.00411
1400.12	-530.325	5173.81	1.00415
1404.03	-521.978	5164.11	1.00418
1405.37	-519.092	5156.41	1.00422
1402.52	-520.821	5151.84	1.00426
1386.77	-531.268	5158.29	1.0043
1355.63	-548.019	5168.02	1.00434
1336.44	-561.509	5183.72	1.00439
1336.94	-565.285	5202.86	1.00443
1369.07	-548.182	5203.45	1.00447
1403.94	-528.7	5182.28	1.0045
1412.3	-520.954	5146.26	1.00455
1398.18	-516.373	5106.23	1.00458
1365.05	-515.672	5065.85	1.00462
1325.47	-516.472	5031.88	1.00466
1298.53	-503.201	5010.89	1.00469
1281.54	-493.911	4994.75	1.00472
1265.61	-490.521	4989.98	1.00476
1254.93	-498.343	4995.57	1.0048
1250.73	-512.2	5008.2	1.00484
1256.05	-521.294	5020.97	1.00488
1260.38	-517.377	5028.12	1.00492
1263.6	-511.145	5032.17	1.00497
1262.46	-503.286	5028.16	1.00501
1258.39	-496.003	5018.77	1.00505
1252.02	-490.521	5007.29	1.00509
1244.24	-493.425	4999.71	1.00513
1239.9	-492.385	4987.68	1.00518
1230.24	-490.699	4981.09	1.00522
1220.96	-494.717	4978.29	1.00526
1214.39	-507.317	4979.83	1.00529
1213.32	-513.72	4982.96	1.00534
1211.44	-519.847	4986.74	1.00538
1207.87	-535.78	4996.31	1.00543
1204.99	-551.03	5010.05	1.00548
1203.31	-562.879	5021.42	1.00554
1210.15	-576.381	5031.79	1.00559
1219.25	-578.758	5039.79	1.00565
1227.57	-580.608	5041.3	1.0057
1230.58	-581.786	5034.71	1.00576
1227.03	-589.934	5053.53	1.00582
1228.03	-578.156	5102.04	1.00586
1242.41	-561.596	5161.6	1.0059
1270.23	-553.016	5218.08	1.00594
1303.1	-548.505	5244.95	1.00597
1347.28	-539.751	5234.68	1.006
1380.72	-540.076	5185.07	1.00603
1382.05	-545.715	5111.36	1.00606
1346.63	-555.272	5033.11	1.00609
1288.21	-563.649	4968.84	1.00613
1230.33	-570.588	4932.04	1.00617
1190.35	-573.761	4925.05	1.0062
1178.39	-576.51	4938.97	1.00623
1190.23	-579.661	4960.21	1.00627
1216.27	-586.564	4978.42	1.0063
1252.88	-587.3	4983.39	1.00632
1279.78	-583.429	4978.84	1.00634
1291.32	-581.87	4960.99	1.00637
1284.47	-586.178	4940.23	1.0064
1265.8	-587.765	4924.02	1.00642
1243.74	-588.07	4917.13	1.00645
1236	-594.16	4917.44	1.00648
1240.68	-598.567	4927.42	1.00651
1252.79	-612.362	4938.52	1.00654
1269.59	-622.956	4950.82	1.00657
1282.32	-623.243	4960.51	1.0066
1294.58	-616.884	4963.58	1.00664
1303.38	-605.77	4953.68	1.00667
1294.51	-585.569	4947.8	1.00668
1284.78	-574.258	4935.58	1.0067
1277.86	-571.605	4919	1.00673
1267.19	-573.073	4908.35	1.00675
1257.04	-573.202	4901.09	1.00677
1251.81	-571.97	4895.83	1.0068
1249.08	-578.302	4887.67	1.00682
1247.1	-586.961	4879.69	1.00685
1236.87	-589.756	4879.99	1.00688
1225.4	-581.335	4886.38	1.0069
1218.37	-565.836	4893.87	1.00692
1217.01	-551.778	4896.95	1.00694
1216.02	-545.016	4899.63	1.00696
1217.35	-550.067	4894.92	1.00698
1218.16	-555.055	4888.21	1.007
1214.88	-555.247	4879.94	1.00701
1206.98	-555.24	4873.45	1.00703
1195.77	-560.1	4867.91	1.00705
1186.12	-570.67	4860.86	1.00707
1171.51	-587.841	4864.58	1.0071
1157.32	-594.957	4882.21	1.00712
1156.76	-597.947	4908.07	1.00715
1170.55	-594.735	4930.76	1.00717
1187.56	-589.934	4944.91	1.0072
1203.58	-583.594	4947.47	1.00723
1221.58	-583.097	4949.14	1.00727
1231.74	-579.781	4952.02	1.0073
1234.77	-567.802	4955.35	1.00733
1238.18	-552.806	4955.96	1.00735
1242.01	-545.722	4949.55	1.00738
1242.26	-542.565	4940.23	1.00741
1239.99	-543.642	4928.05	1.00743
1234.73	-546.376	4911.68	1.00746
1229.58	-549.973	4895.75	1.00749
1222.5	-552.601	4883.79	1.00752
1206	-557.7	4860.28	1.00754
1094.32	-590.639	4940.81	1.00754
1010.57	-637.899	5090.6	1.00756
1017.92	-679.717	5271.96	1.00758
1113.52	-708.775	5451.1	1.00761
1251.65	-720.517	5602.86	1.00763
1387.34	-719.874	5706	1.00766
1482.59	-712.304	5756.2	1.00768
1531.17	-695.85	5754.57	1.00771
1542.07	-674.614	5722.24	1.00774
1520.85	-654.408	5672.97	1.00777
1479.29	-638.291	5619.07	1.0078
1424.88	-635.46	5554.96	1.00783
1379.34	-637.615	5508.06	1.00786
1352.97	-638.373	5482.6	1.00789
1343.63	-640.828	5480.04	1.00793
1340.46	-646.225	5502.35	1.00796
1343.24	-654.363	5544.71	1.008
1365.99	-658.069	5587.49	1.00803
1390.9	-665.597	5603.85	1.00806
1408.43	-669.241	5600.67	1.00808
1419.13	-666.686	5580.98	1.00811
1418.59	-661.612	5548.17	1.00813
1404	-654.774	5510.88	1.00816
1379.05	-654.613	5479.81	1.00818
1352.1	-654.891	5461.14	1.00821
1335.09	-654.108	5456.58	1.00823
1333.27	-654.078	5463.69	1.00825
1345.37	-655.532	5478.44	1.00828
1371.69	-655.353	5495.19	1.00831
1403.34	-652.634	5503.05	1.00833
1431.07	-653.807	5497.98	1.00836
1448.79	-660.144	5480.17	1.00839
1458.62	-668.018	5448.45	1.00842
1467.64	-673.665	5397.08	1.00846
1476	-674.983	5327.55	1.00851
1478.4	-678.18	5247.45	1.00856
1458.91	-680.831	5164.05	1.00861
1420.91	-681.515	5095.56	1.00867
1379.36	-688.087	5050.73	1.00873
1348.1	-696.758	5036.85	1.00879
1339.52	-702.824	5050.91	1.00885
1380.56	-690.873	5062.38	1.00891
1437.29	-658.101	5064.31	1.00895
1481.87	-621.695	5053.44	1.00899
1500.32	-606.253	5026.54	1.00903
1498.27	-604.388	5000.65	1.00907
1487.4	-609.424	4985.64	1.00911
1479.74	-617.784	4983.19	1.00915
1481.7	-627.14	4993.8	1.00919
1498.61	-629.364	5017.41	1.00923
1527.2	-632.227	5041.51	1.00927
1563.39	-633.452	5064.45	1.00931
1597.8	-634.371	5083.94	1.00935
1623.93	-633.066	5097.45	1.00939
1641.02	-633.999	5102.54	1.00943
1650.19	-631.624	5101.97	1.00947
1650.67	-634.673	5099.61	1.00951
1655.27	-631.781	5105.66	1.00956
1658.45	-631.508	5109.35	1.0096
1663.68	-633.944	5115.68	1.00965
1666.09	-638.745	5122.28	1.00969
1671.77	-645.574	5127.77	1.00973
1678.2	-655.138	5135.47	1.00977
1680.65	-663.563	5148.64	1.00982
1678.71	-663.793	5162.69	1.00986
1682.38	-650.954	5177.59	1.0099
1688.78	-645.732	5179.77	1.00994
1695.23	-641.773	5181.31	1.00999
1694.75	-649.752	5175.58	1.01003
1691.74	-652.696	5180.29	1.01007
1687.4	-644.904	5196.94	1.01012
1687.12	-639.893	5219.17	1.01018
1687.67	-645.069	5236.18	1.01023
1695.76	-648.872	5264.59	1.01028
1700.62	-662.289	5294.38	1.01033
1702.87	-680.549	5316.92	1.01038
1714.15	-685.868	5342.57	1.01043
1716.83	-685.335	5360.33	1.01049
1719.21	-677.573	5364.89	1.01054
1720.32	-676.409	5375.21	1.01059
1723.45	-683.061	5387.56	1.01065
1729.41	-689.281	5406.36	1.0107
1732.82	-698.253	5424.93	1.01075
1740.5	-705.136	5443.85	1.0108
1750.71	-712.09	5461.14	1.01086
1774.15	-706.607	5499.8	1.01092
1805.57	-701.513	5547.96	1.01098
1827.61	-695.93	5574.23	1.01104
1838.53	-707.108	5570.36	1.01109
1847.8	-718.776	5545.02	1.01113
1846.59	-719.673	5512.4	1.01118
1833.31	-713.451	5489.88	1.01122
1811.68	-714.448	5472.72	1.01127
1784.8	-727.673	5455.05	1.01132
1766.11	-738.993	5449.12	1.01136
1759.43	-748.34	5447.65	1.0114
1763.15	-750.249	5453.95	1.01145
1775.64	-748.068	5464.59	1.0115
1788.15	-744.727	5473.22	1.01154
1797.36	-737.334	5474.78	1.01159
1799.13	-728.201	5467.75	1.01163
1799.38	-725.464	5456.29	1.01169
1797.2	-716.254	5439.78	1.01173
1787.93	-711.654	5421.98	1.01178
1781.08	-704.43	5404.29	1.01183
1775.25	-711.756	5392.62	1.01188
1772.29	-720.508	5396.2	1.01193
1771.22	-735.962	5397.8	1.01197
1776.98	-738.297	5405.85	1.01202
1785.51	-739.405	5400.92	1.01205
1791.96	-733.139	5404.55	1.0121
1799.95	-715.568	5409.14	1.01215
1808.09	-699.428	5403.59	1.01219
1806.68	-697.591	5397.72	1.01224
1798.52	-686.833	5376.34	1.01229
1781.96	-672.331	5348.92	1.01234
1758.61	-659.418	5318.77	1.0124
1736.78	-649.437	5293.02	1.01246
1719.76	-641.819	5273.92	1.01251
1705.69	-638.914	5260.48	1.01257
1695.68	-640.365	5254.07	1.01263
1703.23	-640.098	5267.54	1.0127
1715.87	-636.305	5294.07	1.01276
1734.01	-632.534	5327.87	1.01282
1754.58	-628.705	5358.74	1.01288
1773.73	-623.867	5384.8	1.01293
1785.89	-621.313	5398.74	1.01299
1793.88	-617.275	5409.99	1.01305
1793.33	-616.556	5423.3	1.01311
1792.67	-614.404	5432.52	1.01317
1792.27	-609.361	5445.46	1.01323
1792.41	-608.632	5457.04	1.01329
1794.31	-611.144	5468.26	1.01335
1794.54	-620.217	5477.98	1.0134
1793.08	-630.161	5490.8	1.01346
1793.67	-635.304	5502.5	1.01351
1794.56	-637.029	5515.86	1.01356
1791.6	-639.655	5531.69	1.01361
1790.5	-635.541	5546.72	1.01367
1784.17	-634.738	5560.44	1.01372
1781.81	-640.516	5575.13	1.01377
1783.86	-645.721	5584.35	1.01382
1796.27	-620.569	5587.69	1.01385
1798.61	-589.432	5588.13	1.01388
1782.96	-574.067	5585.91	1.0139
1756.81	-575.265	5587	1.01391
1737.48	-581.042	5594.08	1.01392
1723.8	-596.393	5609.73	1.01394
1726.08	-609.466	5629.62	1.01395
1734.76	-621.241	5647.77	1.01397
1748.03	-625.209	5662.96	1.01398
1757.43	-632.621	5666.51	1.014
1764.13	-625.572	5671.16	1.01401
1763.34	-612.212	5674.3	1.01401
1749.52	-607.126	5684.78	1.01401
1738.12	-642.02	5691.31	1.01404
1740.95	-704.289	5685.28	1.01409
1744.72	-753.823	5666.44	1.01413
1743.05	-776.68	5647.91	1.01417
1729.45	-775.678	5623.56	1.01421
1717.77	-759.872	5595.65	1.01426
1708.9	-743.308	5575.39	1.0143
1697.56	-730.357	5561.47	1.01435
1681.5	-728.442	5544.77	1.01439
1670.47	-731.131	5520.25	1.01444
1654.65	-733.843	5502.42	1.01448
1642.14	-735.454	5493.62	1.01452
1636.83	-732.744	5505.45	1.01456
1640.33	-730.606	5530.24	1.01461
1648.58	-735.379	5555.84	1.01465
1661.69	-741.293	5570.96	1.01469
1675.53	-746.209	5580.63	1.01473
1684.26	-749.075	5586.82	1.01476
1695.82	-744.549	5599.61	1.0148
1698.63	-748.554	5607.39	1.01484
1704.59	-754.484	5617.35	1.01489
1712.58	-762.564	5626.74	1.01493
1722.35	-769.083	5637.39	1.01497
1731.56	-772.148	5647.53	1.01502
1737.13	-774.651	5657.11	1.01506
1738.96	-778.276	5666.57	1.01511
1742.32	-783.278	5676.9	1.01515
1749.47	-787.714	5689.29	1.0152
1755.82	-792.177	5695.22	1.01524
1764.62	-791.269	5710.29	1.01528
1776.14	-791.228	5731.19	1.01533
1791.01	-793.175	5755.67	1.01537
1807.28	-799.353	5783.29	1.01542
1822.42	-811.735	5815.47	1.01546
1834.54	-825.725	5838.3	1.0155
1844.35	-836.528	5853.39	1.01554
1854.61	-842.822	5862.76	1.01557
1861.3	-846.24	5867.92	1.01561
1862.48	-847.176	5871.32	1.01564
1862.76	-848.571	5874.85	1.01568
1861.87	-850.611	5874.99	1.0157
1860.64	-848.341	5874	1.01573
1862.78	-847.78	5876.35	1.01576
1864.72	-848.069	5878.32	1.01579
1870.85	-847.549	5888.68	1.01581
1879.05	-854.607	5906.63	1.01584
1892.73	-863.507	5934.49	1.01587
1909.44	-875.29	5962.06	1.01591
1930.89	-880.412	5993.17	1.01593
1958.98	-882.841	6024.23	1.01596
1984.68	-901.183	6038.38	1.016
2011.2	-907.064	6061.22	1.01603
2033.2	-904.851	6075.6	1.01606
2048.54	-901.234	6082.23	1.01609
2049.42	-905.426	6067.38	1.01612
2051.48	-904.124	6058.89	1.01615
2048.76	-896.503	6054.47	1.01619
2045.39	-893.08	6048.8	1.01622
2045.61	-896.69	6042.27	1.01626
2046.23	-902.782	6036.79	1.01629
2051.04	-904.925	6032.24	1.01633
2059.96	-903.048	6032.26	1.01637
2066.82	-898.619	6035.6	1.01641
2069.76	-896.736	6045.24	1.01645
2068.06	-892.566	6054.49	1.01649
2072.44	-892.859	6063.56	1.01653
2084.36	-893.928	6072.35	1.01657
2097.65	-895.429	6079.4	1.01661
2109.86	-902.785	6084.77	1.01665
2117.34	-903.471	6091.35	1.01669
2114.88	-904.224	6079.15	1.01673
2110.62	-912.277	6059.94	1.01677
2102.4	-918.529	6040.04	1.01681
2088.77	-921.644	6019.88	1.01684
2075.7	-919.159	6009.3	1.01688
2065.27	-913.264	6007.85	1.01692
2055.12	-906.216	6005.24	1.01696
2053.54	-901.827	6010.13	1.017
2056.86	-900.855	6017.19	1.01704
2064.82	-901.648	6028.15	1.01709
2074.75	-903.742	6040.5	1.01713
2081.06	-906.25	6051.88	1.01717
2089.76	-906.104	6056.63	1.01721
2092.51	-903.679	6046.78	1.01725
2093.11	-900.283	6035.19	1.0173
2092.86	-899.239	6023.33	1.01734
2085.83	-893.157	6004.2	1.01738
2076.14	-887.475	5986.89	1.01742
2066.38	-883.418	5971.08	1.01746
2053.19	-880.392	5953.53	1.01749
2032.05	-875.576	5932.52	1.01753
2007.95	-870.081	5915	1.01757
1989.22	-868.753	5910.37	1.01761
1982.94	-871.964	5908.5	1.01765
1981.98	-873.38	5910.37	1.01769
1986.4	-874.357	5917.3	1.01773
1993.43	-873.576	5927.52	1.01776
2006.16	-873.204	5946.7	1.0178
2022.61	-876.837	5976.96	1.01784
2035.22	-877.76	6001.94	1.01788
2044.78	-875.708	6021.9	1.01791
2050.5	-871.069	6029.55	1.01795
2057.03	-867.519	6031.23	1.01798
2061.65	-865.807	6027.71	1.01802
2055.22	-862.385	6015.74	1.01806
2042.04	-854.88	6000.21	1.01809
2027.97	-851.802	5990.57	1.01813
2018.41	-851.758	5990.53	1.01817
2006.9	-853.693	5989.51	1.0182
1999.09	-853.795	5989.16	1.01824
1996.63	-852.786	5989.37	1.01828
1996.42	-849.176	5987.77	1.01831
1998.4	-849.773	5991.34	1.01835
2001.37	-849.534	5999.87	1.01839
2005.68	-849.414	6010.86	1.01843
2009.51	-848.909	6024.93	1.01846
2014.64	-843.481	6041.1	1.01849
2023.48	-833.385	6060.06	1.01852
2034.99	-823.668	6077.7	1.01855
2046.04	-821.22	6087.06	1.01858
2054.76	-823.533	6088.91	1.01861
2059.29	-821.924	6081.51	1.01864
2056.21	-820.794	6063.73	1.01866
2047.63	-823.683	6042.07	1.0187
2034.33	-828.813	6020.77	1.01873
2034.5	-818.282	5987.98	1.01876
2041.78	-794.692	5949.4	1.01879
2037.62	-776.841	5899.3	1.01882
2014.64	-776.002	5855.81	1.01886
1981.37	-778.794	5825.7	1.01889
1945.8	-782.87	5806.06	1.01892
1918.96	-792.823	5807.25	1.01896
1913.41	-811.407	5823.15	1.019
1928.33	-830.633	5851.68	1.01904
1948.9	-829.119	5893.65	1.01908
1972.24	-822.53	5938.45	1.01911
1997.91	-821.649	5986.52	1.01914
2030.93	-842.278	6029.93	1.01919
2066.36	-868.586	6065.73	1.01923
2096.06	-888.081	6094.74	1.01927
2100.88	-896.41	6097.16	1.01931
2098.17	-897.557	6102.09	1.01936
2096.82	-895.626	6113.25	1.0194
2089.32	-892.133	6116.02	1.01943
2087.05	-892.288	6124.55	1.01947
2086.79	-896.856	6141.16	1.0195
2082.83	-905.757	6163.45	1.01953
2088.7	-927.584	6189.38	1.01957
2101.16	-953.777	6220.41	1.01961
2119.03	-973.495	6250.09	1.01965
2136.8	-985.499	6273.79	1.01968
2144.35	-991.186	6285.18	1.01972
2145.65	-991.587	6290.46	1.01975
2147.32	-993.241	6299.61	1.01978
2145.84	-979.518	6315.92	1.0198
2142.82	-963.328	6333.16	1.01981
2145.33	-946.202	6352.62	1.01982
2148.86	-933.699	6367.35	1.01983
2154.5	-927.031	6381.96	1.01983
2160.54	-927.689	6396.69	1.01983
2174.73	-933.919	6421.31	1.01984
2190.55	-942.408	6445.02	1.01984
2208.77	-946.403	6463.82	1.01984
2222	-950.01	6474.34	1.01984
2235.54	-943.288	6472.09	1.01984
2239.14	-939.823	6461.25	1.01984
2227.33	-936.411	6442.82	1.01983
2208.29	-933.922	6429.49	1.01983
2194.83	-980.285	6408.96	1.01986
2186.15	-1034.33	6384.81	1.01989
2182.57	-1071.31	6371.3	1.01992
2183.76	-1081.67	6370.29	1.01995
2184.96	-1070.81	6369.99	1.01998
2192.1	-1055.41	6372.84	1.02001
2201.88	-1043.41	6373.58	1.02004
2212.65	-1036.59	6372.6	1.02007
2221.34	-1036.59	6367.09	1.0201
2227.71	-1040.18	6359.52	1.02014
2231.35	-1042.21	6358.4	1.02017
2231.8	-1041.29	6357.46	1.0202
2225.99	-1030.24	6353.71	1.02022
2224.97	-1020.62	6351.97	1.02025
2226.56	-1017.85	6350.69	1.02028
2228.56	-1018.58	6350.78	1.0203
2229.99	-1021.21	6352.21	1.02033
2231.43	-1024.05	6349.26	1.02036
2230.23	-1028.28	6339.65	1.02039
2227.23	-1028.1	6330.57	1.02041
2220.45	-1026.26	6319.6	1.02044
2211.51	-1023.75	6308.61	1.02047
2199.56	-1028.92	6290.69	1.0205
2184.87	-1038.06	6272.92	1.02052
2167.86	-1044.2	6267.64	1.02055
2155.38	-1048.31	6272.82	1.02057
2150.03	-1052.94	6287.42	1.0206
2154.52	-1055.1	6308.35	1.02063
2169.58	-1056.77	6333.71	1.02065
2189.1	-1059.68	6355.43	1.02068
2206.37	-1061.76	6374.23	1.0207
2219.51	-1064.54	6393.02	1.02073
2225.78	-1067.16	6409.14	1.02075
2224.1	-1073.27	6422.09	1.02078
2214.57	-1078.9	6431.25	1.0208
2203.69	-1086.88	6434.94	1.02083
2194.02	-1097.79	6438.42	1.02085
2184.59	-1108.66	6443.95	1.02088
2177.06	-1115.21	6451.11	1.0209
2170.92	-1126.78	6452.24	1.02093
2165.45	-1139.75	6448.36	1.02096
2165.26	-1152.76	6452.07	1.02099
2164.39	-1162.42	6452.85	1.02101
2163.34	-1165.83	6457.4	1.02103
2156.27	-1153	6476.05	1.02105
2153.77	-1134.24	6505.25	1.02106
2162.59	-1109.27	6538.41	1.02106
2177.54	-1088.61	6568.57	1.02106
2198.29	-1076.73	6594.85	1.02106
2222.25	-1067.38	6608.59	1.02105
2241.22	-1064.85	6614.68	1.02104
2253.75	-1057.91	6623.14	1.02103
2262.34	-1051.32	6637.39	1.02102
2269.57	-1043.64	6658.43	1.02101
2280.01	-1047.31	6681.65	1.021
2293.51	-1051.51	6706.52	1.02099
2311.68	-1064.94	6729.28	1.02099
2332.17	-1070.76	6754.74	1.02099
2352.46	-1081.59	6774.92	1.02099
2371.6	-1095.8	6790.79	1.02099
2389.84	-1106.4	6808.4	1.02099
2405.21	-1099.31	6832.58	1.02099
2417.5	-1081.78	6858.26	1.02098
2434.36	-1069.8	6881.7	1.02098
2455.69	-1055.25	6903.91	1.02098
2475.77	-1049.17	6925.24	1.02097
2491.9	-1054.74	6947.72	1.02096
2507.02	-1064.76	6967.24	1.02096
2523.04	-1078.37	6978.75	1.02096
2541.93	-1087.49	6987.28	1.02095
2564.69	-1125.72	6969.1	1.02097
2579.65	-1162.04	6940.27	1.02099
2579.27	-1178.86	6912.75	1.02101
2564.54	-1173.68	6893.65	1.02102
2540.54	-1161.76	6877.32	1.02104
2516.65	-1153.49	6863.19	1.02106
2498.98	-1150.18	6852.63	1.02108
2488.19	-1132.64	6852.83	1.02108
2482.61	-1104.26	6859.54	1.02108
2483.05	-1081.23	6867.65	1.02107
2488.33	-1069.05	6875.09	1.02107
2496.94	-1072.24	6873.78	1.02106
2499.88	-1075.82	6869.03	1.02105
2495.43	-1082.53	6863.58	1.02103
2485.73	-1112.19	6844.88	1.02104
2474.93	-1135.75	6827.5	1.02104
2467.38	-1177.18	6792.47	1.02106
2458.43	-1218.05	6749.81	1.02108
2444.8	-1244.94	6711.16	1.02111
2417.43	-1252.09	6675.31	1.02114
2384.93	-1245.74	6659.84	1.02116
2357.54	-1225.27	6664.61	1.02118
2340.37	-1202.4	6683.33	1.0212
2339.87	-1186.76	6709.47	1.02122
2352.56	-1174.95	6742.75	1.02123
2369.32	-1162.07	6776.53	1.02123
2387.35	-1155.67	6807.58	1.02124
2404.07	-1155.53	6835.45	1.02124
2419.43	-1150.6	6860.88	1.02123
2427.32	-1133.59	6881.14	1.02122
2429.81	-1124.14	6898.39	1.02121
2426.22	-1124.07	6913.24	1.02119
2422.26	-1132.32	6927.19	1.02118
2420.94	-1139.66	6943.84	1.02116
2427.45	-1144.8	6963.92	1.02115
2443.24	-1136.12	6994.26	1.02113
2465.29	-1133.36	7023.92	1.02112
2488.19	-1128.73	7057.68	1.02111
2511.85	-1126.79	7092.74	1.0211
2533.48	-1134.89	7119.28	1.02109
2549.35	-1139.67	7142.06	1.02107
2561.39	-1148.23	7156.76	1.02106
2567.89	-1154.69	7167.23	1.02105
2571.22	-1159.07	7172.88	1.02104
2572.66	-1158.35	7174.92	1.02103
2573.1	-1158.26	7172.15	1.02102
2573.89	-1157.16	7169.35	1.02101
2570.35	-1154.18	7161.06	1.021
2563.88	-1152.4	7148.49	1.02099
2552.93	-1148.62	7137.78	1.02098
2541.44	-1150.35	7127.7	1.02097
2532.01	-1154.44	7120.01	1.02096
2524.11	-1157.45	7112.86	1.02095
2516.08	-1153.83	7111.57	1.02094
2512.71	-1154.24	7115.33	1.02093
2514.61	-1161.09	7121.66	1.02092
2522.2	-1161.21	7130.27	1.02091
2530.12	-1162.43	7140.1	1.02091
2537.65	-1160.59	7145.24	1.0209
2541.67	-1160.36	7141.53	1.02089
2539.61	-1152.3	7125.23	1.02087
2525.63	-1146.21	7094.68	1.02086
2505.29	-1146.28	7058.03	1.02085
2481.33	-1152.28	7020.44	1.02084
2458.11	-1151.74	6987.33	1.02082
2434.97	-1146.01	6958.7	1.02081
2410.32	-1139.01	6936.23	1.02079
2391.78	-1145.56	6920.11	1.02079
2382.63	-1151.1	6912.05	1.02078
2387.74	-1150.27	6919.36	1.02076
2398.15	-1146.7	6939.88	1.02075
2418.86	-1156.26	6961.09	1.02074
2442.1	-1161.78	6984.56	1.02072
2465.93	-1173.85	7000.51	1.02071
2484.18	-1176.13	7012.75	1.0207
2495.65	-1186.56	7014.75	1.02069
2504.38	-1186.75	7016.66	1.02068
2508.2	-1173.4	7014.15	1.02067
2514.07	-1183.28	7000.66	1.02068
2523.68	-1216.23	6975.14	1.0207
2525.36	-1257.5	6946.76	1.02072
2525.28	-1285.19	6927.38	1.02074
2523.34	-1299.29	6922.68	1.02076
2520.79	-1286.6	6932.17	1.02078
2524.75	-1274.87	6945.41	1.0208
2535.99	-1268.16	6956.64	1.02082
2551.61	-1262.95	6963.35	1.02084
2567.59	-1271	6964.6	1.02086
2579.93	-1277.39	6962.13	1.02088
2587.49	-1272.51	6965.87	1.02089
2589.44	-1254.14	6970.21	1.0209
2589.51	-1237.54	6974.37	1.02091
2591.16	-1233.11	6978.37	1.02092
2594.08	-1236.09	6982.92	1.02092
2593.71	-1231.71	6985.75	1.02093
2591.74	-1220.73	6987.39	1.02093
2589.8	-1211.79	6986.06	1.02093
2582.5	-1204.81	6979.6	1.02093
2576.08	-1198.91	6982.35	1.02092
2566.27	-1179.29	6994.4	1.02091
2556.22	-1163.44	7014.44	1.02089
2553.91	-1156.7	7043.65	1.02087
2562.2	-1158.5	7074.18	1.02085
2580.68	-1169.37	7107.26	1.02083
2601.92	-1179.27	7140.53	1.02081
2628.19	-1191.11	7174.73	1.0208
2654.07	-1205.59	7201.67	1.02078
2675.93	-1218.34	7225.84	1.02076
2694.47	-1226.53	7248.44	1.02075
2708.97	-1234.87	7271.24	1.02073
2720.84	-1240.73	7292.21	1.02072
2731.73	-1246.98	7308.28	1.0207
2740.67	-1236.19	7324.23	1.02068
2750.68	-1231.47	7335.18	1.02067
2757.95	-1233.35	7343.29	1.02065
2762.85	-1238.65	7348.81	1.02063
2766.19	-1247.76	7350.96	1.02062
2767.57	-1248.05	7353.68	1.0206
2768.09	-1248.47	7354.02	1.02058
2768.03	-1248.65	7352.47	1.02057
2767.06	-1244.65	7350.88	1.02055
2762.26	-1243.51	7341.27	1.02053
2755.27	-1247.44	7325.29	1.02052
2748.09	-1252.91	7309.61	1.0205
2736.11	-1249.46	7292.75	1.02049
2727.55	-1249.34	7282.76	1.02047
2722.02	-1251.52	7279.57	1.02045
2719.67	-1254.6	7282.47	1.02044
2720.26	-1250.04	7292.72	1.02042
2726.42	-1240.39	7304.94	1.02041
2734.02	-1227.26	7314.6	1.02039
2743.54	-1214.28	7318.03	1.02037
2750.78	-1200.51	7316.93	1.02036
2753.49	-1193.14	7310.55	1.02035
2747.72	-1186.63	7290.35	1.02034
2727.58	-1180.08	7249.28	1.02033
2697.11	-1169.46	7197.63	1.02031
2662.21	-1160.84	7145.24	1.0203
2625.91	-1145.85	7095.73	1.02029
2589.47	-1125.18	7046.44	1.02027
2552.1	-1109.92	6994.83	1.02026
2514.95	-1099.7	6945.28	1.02024
2484.93	-1102.66	6907.23	1.02022
2471.42	-1175.11	6857.07	1.02025
2462.9	-1248.58	6802.46	1.02027
2443.46	-1290.85	6753.53	1.02029
2411.68	-1291.56	6715.09	1.02031
2372.76	-1261.71	6691.9	1.02033
2340.92	-1228.17	6676.29	1.02035
2321.93	-1202.16	6661.76	1.02038
2310.5	-1191.03	6648.26	1.0204
2303.26	-1192.19	6634.89	1.02042
2296.88	-1200.87	6621.02	1.02044
2283.49	-1210.42	6603.43	1.02047
2265.34	-1214.64	6589.46	1.02049
2244.92	-1210.06	6575.72	1.02051
2220.99	-1201.75	6557.02	1.02053
2196.55	-1193.47	6536.23	1.02055
2169.4	-1189.63	6515.14	1.02057
2141.25	-1184.63	6495.48	1.02059
2113.15	-1175.79	6483.59	1.02061
2090.09	-1171.87	6477.36	1.02063
2068.78	-1171.88	6473.46	1.02065
2047.45	-1175.2	6468.64	1.02067
2026.02	-1171.54	6466.56	1.02069
2007.19	-1162.56	6464.17	1.0207
1989.66	-1157.65	6459.21	1.02072
1974.11	-1161.29	6448.35	1.02073
1956.16	-1162.39	6436.77	1.02074
1933.88	-1157.51	6427.09	1.02076
1912.39	-1152.51	6418.98	1.02077
1891.04	-1151.14	6411.96	1.02078
1873.73	-1155.67	6405.83	1.0208
1861.25	-1163.4	6401.36	1.02081
1853.92	-1170.59	6402.17	1.02083
1848.82	-1171.44	6408.4	1.02084
1848.35	-1168.73	6417.68	1.02085
1850.28	-1162.9	6431.09	1.02086
1852.31	-1165.67	6442.35	1.02088
1854.44	-1175.2	6453.02	1.02089
1866.06	-1177.52	6460.67	1.02091
1882.15	-1175.92	6461.14	1.02092
1896.14	-1169.83	6453.36	1.02093
1891.24	-1175.02	6448.22	1.02095
1878.34	-1185.07	6450.35	1.02097
1870.7	-1193.82	6459.85	1.02098
1873.16	-1199.69	6477.17	1.021
1886.28	-1201.77	6495.94	1.02101
1903.83	-1203.53	6517.75	1.02103
1924.73	-1205.34	6544.71	1.02105
1946.53	-1208.72	6574.55	1.02107
1965.12	-1215.83	6598.87	1.02109
1981.65	-1223.51	6619.02	1.0211
1996.77	-1231.46	6635.77	1.02112
2008.55	-1233.12	6649.38	1.02114
2020.08	-1226.83	6659.9	1.02115
2029.09	-1222.22	6664.13	1.02117
2034.08	-1222.06	6661.91	1.02118
2032.79	-1225.13	6651.91	1.02119
2026.13	-1224.24	6638.98	1.02121
2016.41	-1224.26	6624.03	1.02122
2006.92	-1226.63	6617.56	1.02124
1998.11	-1234.34	6620.2	1.02125
1996.39	-1245.33	6627.18	1.02127
2001.28	-1254.4	6637.64	1.02128
2006.87	-1256	6645.03	1.0213
2012.02	-1250.77	6649.15	1.02131
2016.95	-1240.71	6653.13	1.02133
2017.15	-1241.3	6651.8	1.02134
2008.48	-1246.74	6650.11	1.02136
1999.77	-1253.21	6652.26	1.02138
1991.38	-1257.98	6657.58	1.0214
1983.61	-1261.93	6669.88	1.02141
1980.21	-1261.84	6684.43	1.02143
1976.22	-1253.01	6694.78	1.02144
1968.15	-1246.3	6697.39	1.02146
1956.54	-1247.59	6688.65	1.02147
1940.26	-1252.86	6675.19	1.02149
1917.8	-1259.39	6659.59	1.02151
1892.32	-1262.22	6642.48	1.02152
1870.89	-1253.21	6635.18	1.02153
1854.78	-1243.04	6634.3	1.02155
1845.11	-1228.42	6643.4	1.02155
1846.47	-1221.2	6679.67	1.02157
1853.33	-1226.49	6731.03	1.02159
1867.07	-1246.32	6777.85	1.02161
1893	-1257.06	6821.79	1.02162
1922.69	-1258.81	6860.52	1.02162
1948.28	-1252.96	6892.95	1.02162
1962.42	-1248.53	6910.84	1.02162
1965.78	-1245.2	6917.89	1.02162
1955.29	-1243.33	6914.85	1.02162
1937.35	-1252.97	6900.57	1.02162
1918.54	-1266.92	6877.27	1.02163
1900.78	-1280.96	6852.56	1.02163
1882.46	-1284.9	6826.3	1.02163
1861.33	-1280.15	6807.42	1.02164
1837.24	-1271.03	6793.04	1.02164
1809.94	-1259.02	6784.1	1.02164
1783.84	-1252.6	6781.52	1.02164
1763.04	-1253.16	6780.98	1.02163
1750.06	-1257.63	6782.69	1.02164
1743.62	-1262.89	6786.34	1.02164
1739.06	-1267.93	6787.81	1.02164
1730.48	-1274.61	6785.86	1.02164
1716.4	-1272.82	6786.94	1.02164
1697.62	-1274.15	6786.72	1.02164
1680.03	-1276.38	6786.03	1.02164
1664.18	-1277.15	6788.35	1.02164
1650.8	-1277.88	6789.29	1.02164
1641.14	-1283.63	6787.11	1.02165
1635.81	-1296.15	6784.2	1.02165
1631.2	-1307.71	6782.18	1.02165
1630.57	-1316.64	6784.12	1.02166
1628.84	-1317.33	6790.21	1.02166
1628.49	-1318.72	6796.42	1.02167
1631.54	-1313.63	6807.37	1.02168
1638.71	-1306.46	6823.04	1.02168
1652.11	-1303.58	6839.3	1.02169
1668.63	-1306.11	6856.45	1.0217
1685.75	-1309.04	6870.67	1.02171
1700.89	-1312.36	6883.48	1.02172
1712.78	-1312.26	6897.63	1.02172
1720.96	-1309.01	6905.6	1.02173
1726.93	-1305.79	6909.93	1.02174
1731.9	-1306.44	6912.68	1.02175
1734.51	-1303.67	6916.01	1.02176
1733.42	-1299.25	6916.21	1.02176
1732.16	-1294.21	6916.97	1.02177
1727.99	-1291.05	6911.56	1.02178
1718.11	-1262.79	6919.72	1.02177
1716.41	-1241.38	6922.33	1.02177
1718.71	-1237.01	6920.19	1.02178
1723.09	-1246.31	6908.94	1.02179
1723.53	-1264.06	6894.56	1.0218
1715.22	-1277.51	6881.77	1.02181
1698.99	-1284.48	6871.84	1.02183
1680.01	-1277.83	6870.88	1.02184
1662.18	-1262.3	6876.98	1.02184
1648.92	-1248.06	6886.1	1.02185
1641.44	-1242.49	6894.77	1.02186
1639.75	-1241.78	6905.97	1.02186
1642.08	-1243.93	6921.1	1.02187
1642.85	-1250.7	6939.17	1.02187
1644.39	-1266.56	6958.16	1.02188
1648.1	-1288.75	6977.96	1.02189
1652.02	-1306.89	6997.75	1.0219
1656.2	-1315.18	7019.22	1.02191
1660.91	-1319.67	7040.47	1.02192
1665.89	-1321.72	7061.46	1.02193
1675.2	-1323	7076.69	1.02195
1680.45	-1326.56	7086.77	1.02196
1681.37	-1334.76	7093.16	1.02197
1684.35	-1329.29	7095.98	1.02197
1683.68	-1325.08	7097.04	1.02198
1679.5	-1322.25	7093.68	1.02198
1675.27	-1303.07	7090.66	1.02198
1672.2	-1269.02	7092.99	1.02197
1672.43	-1267.51	7086.13	1.02198
1672.37	-1292.28	7075.5	1.02199
1673.48	-1321.87	7064.43	1.02199
1675.66	-1341.56	7054.35	1.022
1679.26	-1339.79	7049.78	1.02201
1684.58	-1324.03	7049.25	1.02201
1689.74	-1307.18	7052.4	1.02202
1696.5	-1292.86	7058.31	1.02202
1708.39	-1285.03	7062.59	1.02202
1724.92	-1283.37	7068.39	1.02203
1740.66	-1289.49	7076.7	1.02203
1751.84	-1304.26	7084.82	1.02204
1763.5	-1319.54	7096.55	1.02204
1777.71	-1337.27	7108.48	1.02205
1791.67	-1343.64	7125.68	1.02206
1804.83	-1336.99	7143.3	1.02207
1814.82	-1320.1	7159.52	1.02207
1822.82	-1299.11	7175.4	1.02208
1832.48	-1278.4	7189.61	1.02208
1841.78	-1268.16	7198.55	1.02208
1850.48	-1265.37	7206.24	1.02209
1856.96	-1268.48	7212.25	1.02209
1864.84	-1273.94	7217.21	1.0221
1869.66	-1276.25	7219	1.02211
1870.97	-1273.69	7218.66	1.02212
1871.51	-1266.04	7214.38	1.02213
1867.1	-1243.82	7214.16	1.02213
1856.19	-1215.86	7216.3	1.02213
1847.91	-1183.52	7228.13	1.02212
1839.77	-1157.3	7241.97	1.02212
1836.4	-1135.74	7257.84	1.02211
1838.87	-1120.02	7280.18	1.02209
1854.43	-1137.28	7285.26	1.0221
1873.25	-1154.59	7283.61	1.0221
1887.65	-1160.37	7288.17	1.02209
1891.56	-1143.53	7298.26	1.02208
1884.33	-1115.99	7309.9	1.02207
1874.55	-1092.22	7319.22	1.02206
1870.21	-1080.36	7327.35	1.02206
1878.88	-1099.19	7315.75	1.02206
1895.6	-1132.29	7291.84	1.02207
1907.05	-1157.02	7264.89	1.02209
1904.37	-1151.43	7250.61	1.02209
1891.26	-1117.4	7253.04	1.02209
1873.52	-1078.86	7267.53	1.02208
1861.29	-1049.11	7288.7	1.02208
1858.41	-1037.7	7314	1.02208
1866.56	-1035.07	7342.87	1.02208
1881.47	-1040.74	7374.03	1.02208
1902.35	-1049.23	7407.8	1.02208
1925.06	-1055.4	7441.09	1.02208
1944.03	-1057.66	7473.46	1.02208
1959.2	-1055.28	7502.1	1.02208
1968.79	-1046.4	7528.56	1.02208
1973.38	-1034.13	7553.27	1.02208
1975.16	-1025.37	7575.53	1.02208
1980.6	-1043.02	7580.16	1.0221
1988.61	-1073.48	7571.84	1.02212
1994.32	-1094.04	7558.77	1.02213
1992.39	-1097.53	7541.71	1.02215
1982.6	-1088.31	7528.45	1.02217
1966.72	-1077.31	7520.24	1.02219
1950.76	-1069.14	7522.49	1.02221
1935.29	-1043.55	7540.31	1.02222
1923.54	-1034.04	7556.93	1.02224
1921.59	-1036.13	7572.24	1.02226
1927.53	-1049.7	7586.98	1.02229
1936.83	-1064.86	7604.41	1.02231
1943.74	-1072.34	7624.14	1.02233
1947.91	-1075.58	7645.51	1.02236
1948.37	-1073.55	7666.32	1.02238
1947.8	-1071.99	7686.08	1.0224
1947.79	-1068.56	7706.87	1.02243
1950.66	-1052.11	7730.74	1.02244
1955.82	-1031.27	7750.47	1.02245
1962.96	-1031.77	7754.29	1.02246
1968.41	-1045.8	7742.79	1.02248
1972.27	-1059.25	7714.04	1.02249
1967.99	-1072.8	7669.55	1.0225
1945.59	-1065.36	7625.55	1.02251
1907.85	-1042.7	7586.18	1.02251
1867.53	-1019.92	7552.33	1.02251
1832.67	-1002.13	7523.39	1.02251
1806.79	-992.851	7504.24	1.0225
1794.61	-993.42	7497.98	1.0225
1792.54	-999.922	7500.37	1.0225
1797.93	-1008.44	7510.05	1.0225
1809.35	-1016.69	7527.84	1.0225
1823.34	-1024.64	7549.79	1.0225
1835.8	-1031.28	7569.54	1.0225
1856.54	-1051.74	7568.6	1.02251
1877.23	-1073.2	7555.85	1.02252
1892.09	-1082.71	7537.77	1.02253
1892.95	-1083.77	7512.73	1.02254
1881.89	-1075.15	7488.65	1.02255
1859.6	-1046.99	7475.42	1.02255
1844.5	-1030.31	7465.68	1.02255
1834.4	-1012.89	7467.25	1.02255
1830.51	-996.572	7478.41	1.02255
1833.53	-989.778	7494.25	1.02255
1844.2	-992.924	7515.05	1.02255
1859.16	-1000.03	7538.86	1.02255
1877.34	-1010.45	7565.26	1.02255
1895.44	-1019.84	7591.62	1.02255
1913.79	-1026.54	7612.43	1.02255
1930.99	-1030.06	7629.51	1.02255
1944.18	-1032.35	7640.96	1.02255
1951.92	-1031	7647.33	1.02255
1954.19	-1023.75	7649.94	1.02255
1955.24	-1005.29	7658.14	1.02256
1956.59	-989.061	7661.28	1.02256
1958.01	-979.982	7659.05	1.02257
1958.91	-982.265	7651.27	1.02257
1960.52	-991.335	7637.6	1.02257
1961.61	-999.784	7625.14	1.02257
1959.85	-1004.71	7615.41	1.02258
1955.08	-1003.72	7609.67	1.02258
1950.97	-1002.24	7609.58	1.02258
1947.13	-1004.31	7609.75	1.02258
1947.44	-1008.68	7607.4	1.02259
1948.14	-1011.91	7600.79	1.02259
1949.57	-1013.75	7594.42	1.02259
1951.84	-1011.13	7587.03	1.02259
1954.25	-1009.4	7581.2	1.0226
1954.7	-1009	7577.07	1.0226
1953.01	-1009.65	7574.82	1.0226
1950.38	-1012.65	7573.83	1.02261
1947.92	-1014.11	7575.04	1.02261
1946.82	-1016.08	7577.28	1.02261
1947.28	-1015.82	7580.95	1.02262
1949.23	-1016.33	7584.51	1.02262
1951.74	-1013.41	7588.97	1.02262
1952.22	-1012.5	7595.03	1.02262
1952.2	-1011.43	7602.54	1.02262
1953.17	-1010.77	7610.39	1.02263
1955.92	-1012.64	7617.03	1.02263
