1471.57	-1077.32	6462.1	0.809613
1469.72	-1073.62	6462.64	0.803893
1464.78	-1064.74	6463.66	0.803562
1454.67	-1047.21	6465.51	0.803481
1437.79	-1018.98	6467.69	0.805096
1413.6	-982.597	6468.58	0.806874
1382.85	-946.17	6463.27	0.809811
1347.34	-917.165	6447.56	0.812673
1309.77	-898.754	6417.24	0.815526
1277.88	-890.982	6372.65	0.817388
1255.33	-892.046	6315.34	0.818341
1240.57	-897.206	6249.12	0.818692
1228.82	-903.405	6178.93	0.818775
1225.54	-907.172	6100.06	0.818756
1212.54	-909.34	6034.23	0.818889
1186.53	-910.73	5988.68	0.819173
1152.98	-911.615	5965.07	0.819395
1121.83	-912.972	5963.96	0.819446
1100.07	-914.146	5979.12	0.819379
1092.92	-915.346	6005.76	0.819234
1102.12	-916.441	6041.56	0.819103
1123.58	-917.099	6078.91	0.818965
1151.99	-921.468	6117.41	0.818934
1181.93	-926.731	6153.46	0.818886
1208.88	-930.4	6184.23	0.8188
1231	-933.856	6209.4	0.818721
1246.6	-936.223	6227.37	0.818608
1255.75	-934.339	6233.45	0.818386
1258.53	-929.459	6228.91	0.818197
1256.26	-922.958	6218.63	0.818101
1246.88	-914.414	6197.44	0.817923
1232.51	-906.155	6169.3	0.817825
1214.63	-900.355	6143.17	0.817867
1195.38	-899.277	6118.38	0.817905
1177.36	-899.522	6098.31	0.817969
1165.11	-899.537	6084.97	0.818044
1157.71	-897.655	6076.55	0.818089
1152.41	-895.043	6072.67	0.818128
1149.6	-892.744	6072.76	0.818161
1149.82	-891.057	6071.35	0.818157
1154.1	-888.019	6069.73	0.818157
1159.89	-884.86	6067.87	0.818158
1164.76	-881.399	6066.19	0.81816
1167.39	-878.684	6064.64	0.818163
1167.6	-878.365	6062.9	0.818165
1187.24	-909.056	6104.5	0.818247
1226.6	-971.566	6185.64	0.818284
1278.76	-1045.12	6286.26	0.818269
1339.32	-1108.87	6394.18	0.818237
1400.44	-1149.55	6495.83	0.818201
1455.52	-1162.81	6579.65	0.818172
1504.69	-1153.72	6643.16	0.818149
1546.1	-1129.41	6683.6	0.818132
1574.19	-1096.77	6698.3	0.818119
1585.44	-1067.45	6690.19	0.818106
1579.3	-1046.53	6660.53	0.81809
1588.37	-1017.77	6568.62	0.818114
1605.53	-979.733	6412.83	0.818141
1607.45	-942.419	6211.55	0.818146
1571.22	-910.066	5988.12	0.818126
1500.22	-875.877	5748.75	0.818101
1382.3	-852.257	5535.79	0.818035
1229.65	-841.847	5376.74	0.817947
1087.69	-835.131	5264.05	0.817867
991.251	-827.652	5179.52	0.817806
950.261	-822.022	5117.12	0.817753
950.312	-822.111	5072.21	0.817709
973.438	-826.783	5039.99	0.81767
999.428	-833.126	5019.69	0.817634
1015.48	-839.562	5008.97	0.817602
1017.2	-843.796	5005.32	0.817574
1007.04	-844.74	5005.9	0.817544
966.078	-849.726	5045.96	0.817495
910.063	-860.209	5123.89	0.817447
860.867	-870.5	5232.06	0.817399
840.915	-879.749	5354.32	0.817354
857.833	-886.876	5474.42	0.817312
906.108	-889.423	5580.15	0.817269
969.886	-875.663	5670.51	0.817209
1031.35	-847.448	5741.05	0.817142
1077.54	-812.921	5786.68	0.817073
1100.46	-780.319	5805.59	0.817001
1097.65	-754.902	5799.59	0.816926
1074.62	-740.322	5768.64	0.816852
1033.46	-737.608	5719.63	0.816779
981.206	-744.363	5661.17	0.816704
926.115	-752.485	5601.07	0.816626
874.189	-755.328	5550.48	0.816542
830.349	-750.896	5512.07	0.816455
797.38	-738.667	5482.08	0.816364
774.759	-726.462	5463.07	0.816271
759.271	-718.176	5454.24	0.816176
747.923	-716.435	5453.67	0.816079
736.846	-723.189	5465.06	0.815983
726.424	-737.49	5483.91	0.815891
718.533	-752.588	5505.24	0.8158
712.948	-761.616	5522.89	0.815707
709.968	-759.41	5536.94	0.81561
705.477	-745.802	5544.63	0.815511
697.338	-725.468	5545.75	0.815409
688.218	-706.076	5538.05	0.815312
677.078	-691.807	5521.18	0.815215
661.567	-684.906	5498.1	0.81512
639.675	-679.79	5467.47	0.81502
614.164	-679.517	5437.73	0.814922
587.718	-692.882	5404.35	0.814838
561.637	-708.048	5372	0.814749
539.357	-719.359	5343.08	0.814659
520.039	-726.446	5322.12	0.814574
501.931	-728.727	5309.88	0.814488
486.509	-722.742	5303.04	0.814397
473.452	-714.498	5302.17	0.814308
458.496	-708.886	5313.42	0.814217
443.047	-708.413	5336.51	0.814124
429.786	-708.597	5363.16	0.814031
425.689	-703.074	5385.42	0.813934
430.531	-694.151	5399.07	0.813836
438.545	-684.361	5401.35	0.813739
443.035	-678.369	5399.07	0.813642
439.513	-679.731	5391.8	0.813549
425.932	-681.592	5382.76	0.813453
405.125	-692.378	5370.1	0.813369
377.902	-699.607	5360.92	0.813276
352.243	-699.436	5354.7	0.813179
329.816	-697.487	5347.7	0.813088
312.448	-693.007	5339.04	0.812996
301.731	-684.148	5328.87	0.812899
292.402	-676.399	5319.31	0.812803
282.587	-668.97	5309.6	0.812701
271.238	-662.199	5298.83	0.812596
257.818	-658.463	5289.99	0.81249
244.9	-654.23	5282.81	0.812379
232.02	-650.542	5279.7	0.812267
220.324	-646.346	5280.67	0.812152
209.377	-641.707	5286.99	0.812035
200.572	-638.174	5296.51	0.811917
188.743	-634.812	5298.63	0.811799
175.317	-633.841	5295.82	0.811679
162.348	-633.548	5289.66	0.81156
151.148	-631.285	5277.93	0.81144
138.976	-629.412	5266.45	0.811319
124.134	-625.291	5257.22	0.811197
108.575	-617.742	5251.63	0.811073
94.5662	-606.651	5245.96	0.810949
83.4671	-595.173	5247.11	0.810827
78.7453	-584.225	5252	0.810704
82.369	-599.248	5244.74	0.810615
84.6478	-625.618	5232.45	0.810522
79.4986	-649.499	5223.8	0.810423
65.4838	-666.074	5223.45	0.810324
47.1928	-671.802	5230.49	0.810224
28.9187	-668.642	5240.05	0.810125
16.7152	-659.013	5250.51	0.810024
11.8974	-643.806	5258.86	0.80992
14.3058	-628.896	5263.64	0.809816
21.4524	-618.373	5264.26	0.809712
30.271	-609.211	5254.06	0.809605
34.8391	-600.017	5232.59	0.809498
32.2982	-590.501	5202.86	0.809391
21.3983	-582.091	5165.77	0.80928
3.94876	-574.179	5125.89	0.809165
-16.9002	-567.419	5087.04	0.809048
-36.1394	-565.783	5059.79	0.80893
-52.5974	-569.837	5044.96	0.808813
-67.5617	-577.174	5041.95	0.808699
-78.1866	-583.333	5047.5	0.808583
-83.357	-587.697	5061.09	0.808467
-86.2843	-590.655	5078.69	0.808353
-85.3228	-599.976	5092.31	0.808252
-85.3566	-603.552	5099.46	0.808143
-86.1607	-598.734	5095.02	0.80803
-90.013	-589.26	5085.15	0.807912
-98.6916	-577.456	5069.79	0.807793
-109.711	-566.646	5055.92	0.80767
-121.867	-558.537	5040.71	0.807544
-133.493	-554.408	5028.35	0.807416
-144.129	-551.154	5016.59	0.807285
-156.289	-549.881	5010.47	0.807152
-168.444	-549.561	5009.87	0.807018
-182.056	-549.478	5011.47	0.806883
-196.88	-550.841	5018.09	0.806749
-209.823	-555.096	5031.28	0.806616
-218.694	-560.135	5048.17	0.806484
-225.129	-567.42	5068.78	0.806354
-229.376	-574.377	5087.69	0.806227
-231.386	-576.49	5099.56	0.806102
-229.506	-573.796	5106.38	0.805973
-229.535	-565.244	5108.55	0.805843
-234.287	-553.462	5108.35	0.805712
-242.115	-543.337	5107.49	0.805579
-246.153	-549.943	5091.21	0.805469
-251.326	-573.605	5070.9	0.805368
-250.778	-651.211	5041.35	0.805336
-249.6	-747.764	5015.79	0.805306
-251.275	-827.526	4997.24	0.805278
-258.801	-871.48	4991.1	0.805248
-270.473	-875.352	4992.47	0.80522
-281.9	-851.554	5002.12	0.805192
-290.937	-813.139	5007.62	0.805163
-298.986	-774.328	5009.38	0.805135
-304.977	-744.911	5004.89	0.805109
-309.221	-731.222	4997	0.805082
-311.275	-733.511	4987.17	0.805057
-313.887	-745.286	4977.91	0.80503
-317.341	-760.536	4968.87	0.805005
-323.902	-772.005	4960.15	0.804978
-330.178	-777.977	4955.17	0.804951
-337.281	-777.74	4958.1	0.804921
-347.524	-771.557	4960.75	0.804891
-353.797	-762.607	4964.93	0.804862
-356.117	-753.777	4967.42	0.804834
-354.273	-745.014	4960.43	0.804806
-350.747	-739.861	4950.08	0.804777
-348.426	-740.27	4946.02	0.80475
-348.716	-745.043	4945.43	0.804722
-351.864	-748.944	4946.77	0.804693
-354.907	-752.733	4951.24	0.804663
-357.751	-757.041	4959.2	0.804635
-360.183	-762.178	4970.52	0.804608
-362.989	-766.504	4983.13	0.804581
-365.331	-768.383	4993.36	0.804554
-365.144	-771.785	5005.31	0.804527
-362.523	-775.353	5017.24	0.804501
-358.032	-780.006	5027.04	0.804474
-352.728	-785.995	5033.35	0.80445
-347.543	-795.032	5034.91	0.804427
-342.242	-805.724	5030.07	0.804402
-336.155	-817.145	5020.28	0.804379
-331.493	-828.468	5007.13	0.804354
-328.581	-840.773	4994.01	0.804334
-327.18	-850.362	4980.97	0.804314
-326.021	-854.095	4970.49	0.804294
-323.845	-853.62	4963.16	0.804277
-320.72	-851.753	4956.61	0.804259
-317.133	-848.823	4949.59	0.804241
-312.554	-846.969	4942.74	0.804219
-305.95	-844.767	4935.55	0.804198
-298.053	-841.667	4925.3	0.804177
-288.432	-840.017	4917.76	0.804156
-278.106	-840.633	4915.34	0.804135
-268.685	-841.904	4917.79	0.804112
-259.493	-841.863	4922.49	0.804091
-250.782	-842.053	4928.02	0.804068
-243.512	-841.809	4931.64	0.804046
-238.741	-838.031	4936.4	0.80402
-231.574	-835.56	4942.73	0.803998
-223.996	-835.576	4944.94	0.80397
-214.95	-836.57	4941.99	0.803944
-202.915	-836.454	4938.17	0.803919
-190.266	-835.305	4930.09	0.803895
-178.329	-832.978	4917.82	0.803871
-168.352	-827.736	4902.63	0.803844
-160.653	-821.216	4885.13	0.803819
-155.614	-816.288	4863.56	0.803795
-151.494	-812.719	4842.2	0.803772
-148.722	-812.08	4823.63	0.803751
-145.905	-813.053	4808.29	0.803729
-141.756	-815.249	4795.75	0.803706
-138.137	-814.138	4786.48	0.803687
-133.313	-812.465	4778.59	0.803666
-127.629	-811.928	4772.56	0.803642
-122.559	-810.811	4767.35	0.803621
-118.969	-807.093	4762.31	0.803599
-115.674	-804.608	4757.32	0.80358
-113.226	-803.406	4755.2	0.803556
-112.545	-801.637	4756.27	0.803536
-111.972	-800.447	4757.58	0.80352
-110.709	-796.517	4758.11	0.803503
-110	-793.146	4755.09	0.803483
-111.318	-787.522	4748.61	0.803461
-113.912	-783.784	4739.36	0.803439
-118.285	-780.74	4727.58	0.803418
-123.317	-779.904	4715.07	0.803396
-130.364	-779.8	4704.02	0.803376
-138.345	-779.582	4693.9	0.803355
-146.367	-776.762	4684.79	0.803334
-154.795	-772.023	4677.79	0.803312
-164.591	-764.887	4671.86	0.803289
-174.898	-757.295	4667.52	0.803265
-186.705	-748.551	4661.55	0.803241
-198.335	-741.545	4654.72	0.803217
-209.719	-736.218	4646.36	0.803191
-220.764	-733.893	4635.59	0.803167
-233.019	-733.264	4624.59	0.803141
-246.028	-732.348	4613.45	0.803114
-259.141	-730.812	4601.86	0.803086
-271.031	-729.234	4591.5	0.803059
-282.351	-727.79	4585.51	0.803029
-291.029	-726.373	4582.03	0.803
-297.653	-723.588	4581.5	0.80297
-302.76	-721.747	4582.75	0.802942
-306.322	-717.725	4584.32	0.802913
-310.099	-712.519	4579.74	0.802882
-314.248	-708.449	4572.46	0.802854
-317.868	-702.233	4561.43	0.802824
-320.423	-699.136	4547.76	0.802796
-323.72	-697.812	4536.38	0.802765
-327.015	-696.97	4524.99	0.802737
-332.374	-693.923	4516.07	0.802704
-336.63	-692.574	4507.63	0.802672
-341.896	-688.16	4502.3	0.802639
-344.224	-682.807	4496.26	0.802607
-346.354	-677.535	4490.46	0.802577
-348.304	-672.116	4486.12	0.802543
-347.588	-667.109	4480.01	0.802513
-345.718	-663.918	4473.19	0.802483
-344.454	-660.198	4467.66	0.802451
-342.822	-657.367	4457.97	0.802426
-342.416	-653.147	4447.29	0.802392
-341.814	-645.29	4434.83	0.802359
-341.936	-636.189	4418.85	0.802327
-342.451	-629.369	4400.17	0.8023
-342.542	-625.362	4382.56	0.80227
-343.451	-622.586	4365.27	0.802239
-344.771	-621.06	4349.21	0.802208
-346.858	-619.826	4333.16	0.802177
-348.952	-617.777	4318.28	0.802143
-351.22	-614.774	4303.1	0.80211
-352.059	-612.178	4290.13	0.80208
-355.352	-604.522	4282.87	0.802048
-359.717	-594.015	4277.61	0.802018
-363.368	-585.629	4270.2	0.801987
-368.142	-578.619	4262.81	0.801955
-372.51	-572.721	4253.32	0.801925
-378.015	-567.656	4244.03	0.801898
-385.104	-564.863	4236.14	0.80187
-393.488	-560.708	4228.02	0.801845
-403.554	-554.6	4219.59	0.801819
-413.995	-549.156	4211.93	0.801794
-425.969	-543.289	4206.64	0.801766
-438.506	-535.816	4202.93	0.80174
-451.437	-529.695	4200.51	0.801715
-464.8	-522.88	4200.34	0.801685
-476.961	-516.296	4200.15	0.801658
-490.28	-510.13	4199.96	0.801627
-502.649	-506.442	4197.48	0.801594
-515.444	-505.192	4195.27	0.801562
-527.055	-506.278	4191.59	0.801529
-538.24	-506.754	4187.89	0.801493
-549.225	-505.478	4181.18	0.80146
-558.466	-502.171	4169.65	0.801423
-568.071	-497.613	4156.12	0.801388
-579.467	-492.889	4143.12	0.801352
-592.725	-487.693	4129.26	0.801316
-606.36	-483.411	4115.08	0.801281
-619.139	-481.616	4100.82	0.801244
-628.9	-479.924	4087.91	0.801203
-636.132	-478.236	4078.41	0.80116
-640.657	-476.81	4071.37	0.80112
-643.314	-473.897	4066.27	0.801084
-646.042	-471.108	4063.19	0.801048
-648.1	-469.43	4062.1	0.801012
-650.105	-466.794	4061.56	0.800976
-652.295	-460.006	4057.21	0.800938
-654.064	-449.614	4047.45	0.8009
-656.624	-436.939	4033.72	0.80086
-661.574	-423.204	4016.09	0.800822
-666.699	-410.276	3997.27	0.800781
-671.248	-399.64	3977.63	0.800737
-675.064	-390.735	3958.12	0.800698
-678.081	-384.437	3938.9	0.800661
-681.545	-381.078	3921.78	0.800622
-685.392	-378.763	3910.29	0.800576
-686.684	-378.169	3901.73	0.800533
-685.397	-377.862	3895.72	0.800487
-683.402	-376.424	3893.26	0.800442
-682.879	-371.789	3892.99	0.800394
-683.325	-365.493	3890.83	0.80035
-685.527	-359.847	3889.12	0.800308
-689.236	-354.261	3886.74	0.800266
-692.023	-351.129	3885.77	0.800224
-695.92	-350.185	3884.18	0.800182
-697.348	-351.844	3882.34	0.800142
-701.553	-350.769	3879.93	0.800098
-704.557	-347.349	3877.84	0.800056
-707.646	-340.722	3873.31	0.80001
-708.161	-334.152	3867.45	0.799964
-702.862	-332.723	3875.32	0.799922
-704.12	-330.542	3876.94	0.799879
-710.675	-327.072	3869.98	0.799837
-720.947	-323.948	3860.93	0.799793
-734.266	-322.227	3851.63	0.799749
-747.416	-321.369	3844.16	0.799703
-759.147	-319.355	3838.34	0.79966
-768.051	-317.455	3834.68	0.799613
-775.879	-316.439	3833.02	0.799567
-781.536	-316.158	3835.09	0.799522
-787.371	-316.507	3839.37	0.799477
-793.017	-316.206	3844.79	0.799431
-798.925	-314.819	3848.23	0.799381
-806.425	-312.903	3849.14	0.799334
-816.043	-310.219	3847.89	0.799282
-824.002	-306.082	3845.72	0.799234
-831.962	-301.492	3843.03	0.79918
-838.354	-298.701	3841.79	0.799125
-846.278	-294.995	3840.76	0.799069
-852.121	-292.715	3845.15	0.799015
-857.723	-291.898	3849.09	0.798963
-863.991	-291.832	3853.67	0.798909
-869.903	-290.964	3854.62	0.798855
-874.493	-290.166	3854.07	0.798801
-878.439	-289.605	3852.27	0.798747
-882.673	-287.665	3850.25	0.798696
-885.859	-287.443	3851.24	0.798644
-888.99	-285.688	3851.61	0.798588
-891.801	-285.684	3852.24	0.798528
-893.033	-286.532	3849.49	0.79847
-894.496	-285.65	3841.56	0.798411
-895.634	-285.662	3830.36	0.798347
-891.713	-290.73	3828.54	0.798285
-887.63	-292.095	3820.11	0.798225
-883.009	-289.459	3804.86	0.79816
-880.823	-289.3	3787.22	0.798096
-881.137	-289.152	3764.67	0.798031
-882.403	-292.523	3739.95	0.797966
-883.639	-298.207	3716.81	0.797898
-880.501	-305.843	3706.88	0.797824
-876.02	-313.975	3708.94	0.797748
-870.223	-321.792	3719.57	0.797676
-864.111	-326.205	3733.34	0.7976
-860.052	-325.973	3745.11	0.797524
-857.168	-321.651	3751.31	0.797449
-852.82	-315.844	3749.94	0.797376
-849.61	-308.496	3746.8	0.797295
-846.399	-304.28	3741.99	0.797221
-842.218	-304.226	3733.07	0.797152
-839.668	-309.369	3729.11	0.797082
-835.141	-314.324	3724.08	0.797012
-831.662	-319.057	3725.86	0.796937
-827.203	-321.693	3731.31	0.796865
-818.896	-320.61	3737.49	0.796791
-807.981	-318.662	3744.13	0.79672
-792.066	-315.78	3745.02	0.796654
-773.9	-313.627	3742.75	0.796589
-755.232	-312.732	3738.55	0.796523
-741.759	-313.677	3740.43	0.796453
-727.398	-314.65	3738.74	0.796384
-712.162	-314.449	3735.15	0.796316
-697.195	-313.101	3729.23	0.796249
-682.449	-312.467	3722.48	0.796183
-668.561	-313.922	3714.37	0.796117
-656.905	-316.559	3707.03	0.796051
-647.506	-320.261	3701.69	0.795987
-640.261	-324.006	3697.33	0.795924
-634.296	-327.011	3692.97	0.795864
-628.691	-328.127	3688.06	0.795804
-623.117	-327.491	3685.61	0.795745
-616.813	-326.407	3683.67	0.795688
-612.003	-325.275	3678.88	0.79563
-607.667	-324.246	3674.76	0.795573
-604.417	-323.281	3670.33	0.79552
-603.282	-322.846	3666.42	0.795468
-603.051	-323.327	3661.85	0.795413
-602.007	-324.347	3657.86	0.795362
-600.15	-324.176	3653.89	0.795309
-597.009	-322.597	3651.01	0.795258
-593.321	-320.25	3647.81	0.795206
-591.528	-317.768	3643.07	0.795155
-591.648	-315.033	3634.79	0.795104
-591.938	-311.567	3626.03	0.795048
-592.96	-308.284	3618.69	0.794995
-593.633	-306.03	3612.26	0.794941
-593.462	-303.325	3606.79	0.794883
-593.043	-299.566	3600.12	0.794827
-593.182	-295.786	3593.86	0.794769
-594.012	-290.802	3586.41	0.794711
-595.382	-285.061	3576.41	0.79465
-596.608	-281.656	3567.81	0.79459
-597.932	-277.815	3559.67	0.794531
-600.381	-273.179	3552.28	0.794472
-603	-268.865	3543.62	0.794413
-606.244	-265.201	3534.24	0.794352
-607.856	-261.93	3526.8	0.794294
-609.465	-260.189	3523.97	0.794235
-610.589	-258.462	3522.35	0.794173
-610.119	-256.892	3520.41	0.794111
-609.857	-253.917	3517.4	0.794049
-609.123	-252.452	3515.33	0.793985
-608.573	-251.806	3514.6	0.793919
-607.624	-249.823	3514.02	0.793857
-607.19	-246.955	3508.56	0.793793
-605.598	-246.258	3508.44	0.793731
-603.764	-248.303	3512.14	0.793667
-600.724	-248.994	3519.02	0.793605
-595.679	-249.213	3526.67	0.793545
-589.794	-249.285	3534.79	0.793485
-583.842	-248.371	3540.01	0.793422
-579.278	-245.668	3538.66	0.793358
-575.668	-240.862	3532.96	0.793299
-574.376	-236.348	3524.68	0.793239
-576.398	-233.263	3514.24	0.793179
-579.516	-232.882	3502.49	0.793117
-581.294	-234.978	3492.48	0.793051
-581.207	-238.797	3484.35	0.792987
-578.069	-243.481	3481.35	0.792922
-571.067	-245.893	3483.95	0.792857
-561.747	-246.576	3486.5	0.792797
-552.403	-244.996	3488.59	0.792734
-543.576	-241.042	3488.48	0.792674
-534.64	-237.636	3486.24	0.792616
-527.346	-235.068	3482.94	0.792559
-522.813	-234.386	3477.54	0.792501
-518.347	-236.077	3476.95	0.792445
-513.738	-239.764	3480.09	0.792386
-505.31	-246.029	3488.51	0.792332
-499.141	-248.677	3495.08	0.792274
-495.026	-247.115	3497.31	0.79222
-495.963	-239.094	3491.49	0.79216
-501.073	-225.45	3476.33	0.792106
-507.871	-214.521	3452.75	0.792058
-518.294	-209.826	3432.52	0.792005
-531.748	-210.76	3421.19	0.791952
-545.966	-218.232	3423.48	0.791897
-555.135	-226.013	3433.04	0.79184
-552.878	-234.916	3438.55	0.791797
-544.284	-233.76	3437.26	0.79174
-533.379	-227.155	3433.87	0.791683
-530.851	-221.206	3435	0.791622
-532.624	-215.158	3433.27	0.791558
-537.297	-211.383	3427.53	0.791497
-546.311	-206.483	3420.98	0.791428
-552.954	-205.679	3410.76	0.791371
-556.201	-207.302	3405.66	0.791307
-560.527	-214.502	3414.08	0.79124
-561.047	-218.805	3428.46	0.791172
-555.702	-221.475	3443.65	0.79111
-547.322	-220.752	3456.28	0.791047
-537.762	-216.833	3462.28	0.790984
-530.126	-211.697	3461.08	0.790921
-526.828	-204.992	3454.88	0.790851
-532.114	-180.023	3441.22	0.790845
-547.063	-129.17	3431.38	0.79088
-553.392	-88.0667	3441.65	0.790914
-550.564	-67.9115	3461.31	0.790951
-544.313	-69.9383	3492.95	0.79099
-532.184	-84.6452	3532.16	0.791026
-514.416	-97.9469	3556.41	0.791068
-495.963	-103.307	3566.51	0.791108
-482.351	-99.0731	3560.48	0.791147
-475.29	-89.6535	3547.86	0.791187
-482.103	-84.5326	3525.89	0.791217
-493.763	-85.632	3504.55	0.791248
-501.874	-90.9328	3493.63	0.791287
-506.696	-96.5066	3471.62	0.791317
-506.822	-126.139	3439.49	0.791292
-500.533	-169.677	3410.46	0.791237
-488.612	-208.904	3380.89	0.791192
-483.809	-229.507	3360.86	0.791132
-483.809	-233.743	3352.4	0.791075
-482.565	-226.541	3354.65	0.791023
-479.925	-211.439	3360.32	0.790964
-471.121	-196.198	3367.02	0.79091
-457.11	-186.28	3372.56	0.790851
-441.646	-181.193	3371.36	0.790799
-426.819	-181.41	3366.72	0.790743
-414.53	-185.71	3357.05	0.790691
-407.885	-189.883	3346.62	0.790639
-404.841	-192.963	3338.56	0.790587
-404.042	-192.942	3331.76	0.790532
-402.219	-192.373	3327.33	0.790479
-397.529	-192.299	3325.93	0.790427
-390.231	-192.238	3325.68	0.790378
-382.679	-193.201	3329.06	0.79033
-375.878	-190.85	3330.72	0.790282
-371.073	-186.959	3328.24	0.790236
-367.159	-186.927	3328.55	0.790188
-363.959	-188.9	3329.75	0.790139
-360.416	-190.756	3332.14	0.790089
-357.052	-191.51	3336.7	0.790036
-355.365	-189.621	3335.39	0.789986
-355.251	-184.764	3331.96	0.789938
-354.474	-181.45	3327.11	0.789894
-352.478	-179.631	3322.54	0.789848
-350.431	-179.761	3315.99	0.789804
-356.925	-185.634	3314.93	0.789758
-369.831	-188.652	3314.17	0.789714
-377.362	-190.254	3317.64	0.789668
-376	-185.115	3316.01	0.789619
-368.72	-180.898	3310.79	0.789573
-361.065	-178.939	3304.61	0.789524
-357.83	-178.475	3301.38	0.789476
-357.893	-181.275	3299.02	0.789434
-362.836	-183.764	3299.73	0.789387
-369.625	-183.115	3301.06	0.789336
-375.013	-182.564	3301.71	0.78929
-379.013	-180.555	3302.09	0.789239
-382.612	-179.011	3301.71	0.78919
-386.364	-178.009	3297.33	0.789139
-390.699	-177.582	3290.75	0.789088
-394.928	-175.907	3283.25	0.789041
-399.33	-175.758	3277.51	0.788992
-402.718	-177.989	3274.19	0.788941
-405.477	-181.845	3275.36	0.78889
-405.713	-184.806	3279.23	0.788843
-403.267	-186.435	3286.1	0.788796
-398.609	-183.931	3293.04	0.788745
-393.157	-179.214	3296.94	0.788693
-389.552	-173.474	3292.73	0.788642
-388.304	-172.114	3286.49	0.788585
-391.502	-171.673	3279.94	0.788533
-396.268	-173.391	3276.72	0.78848
-399.615	-175.062	3276.33	0.788426
-399.027	-175.923	3278.57	0.788373
-395.53	-174.078	3279.19	0.788321
-391.369	-172.243	3277.71	0.788268
-386.854	-172.067	3274.73	0.788212
-382.711	-176.784	3273.85	0.788154
-378.882	-179.425	3273.86	0.788111
-373.654	-177.548	3276.21	0.788062
-368.33	-174.707	3280.02	0.788011
-362.517	-173.067	3282.46	0.787966
-355.575	-172.11	3284.88	0.787924
-346.979	-172.857	3286.61	0.787879
-338.697	-175.91	3287.67	0.78783
-329.739	-179.949	3287.57	0.787784
-319.955	-184.657	3286.31	0.787732
-310.734	-187.335	3286.4	0.787688
-303.04	-187.643	3286.23	0.787643
-296.033	-189.55	3283.38	0.787595
-288.533	-189.079	3281.88	0.787552
-282.23	-189.245	3275.89	0.787508
-277.58	-188.508	3270.42	0.787468
-274.251	-188.667	3265.97	0.787425
-272.169	-190.762	3260.82	0.787383
-270.8	-193.439	3257.25	0.787345
-269.616	-193.895	3251.85	0.787307
-269.65	-193.17	3245.81	0.787269
-271.073	-193.147	3239.76	0.787233
-273.135	-192.611	3232.53	0.787196
-275.851	-192.562	3226.04	0.78716
-276.36	-193.823	3224.69	0.787126
-276.023	-194.643	3225.7	0.787092
-273.753	-192.542	3227.92	0.787063
-273.163	-188.639	3228.94	0.787029
-274.631	-183.482	3227.13	0.786993
-278.217	-180.077	3221.29	0.786954
-282.152	-175.223	3215.49	0.786918
-286.656	-170.474	3209.49	0.786883
-293.325	-166.716	3203.3	0.786847
-299.368	-163.499	3198.76	0.786815
-304.774	-160.445	3193.62	0.78678
-308.951	-159.523	3187.66	0.786739
-312.417	-156.936	3180.99	0.786695
-315.965	-152.533	3174.19	0.786656
-319.68	-149.081	3167.85	0.786616
-323.792	-145.662	3162.04	0.786572
-327.699	-144.115	3159.81	0.786523
-331.117	-144.355	3159.06	0.786474
-333.805	-145.837	3160.91	0.786425
-336.078	-146.45	3162.69	0.786378
-338.161	-144.134	3162.84	0.786327
-337.981	-140.97	3162.99	0.786276
-334.751	-137.75	3163.23	0.786227
-329.403	-136.067	3159.86	0.78618
-324.565	-138.536	3165.67	0.786131
-322.469	-140.102	3169.58	0.786082
-322.305	-142.046	3173.68	0.786031
-322.514	-142.217	3177.97	0.785982
-320.366	-141.025	3181.55	0.785934
-317.433	-138.998	3182.93	0.785885
-313.249	-136.266	3182.66	0.785839
-309.128	-135.837	3176.87	0.785785
-307.493	-137.403	3168.42	0.785732
-306.725	-138.804	3164.82	0.785686
-306.079	-139.172	3164.35	0.785639
-303.686	-141.431	3165.06	0.78559
-299.256	-142.823	3167.61	0.785543
-292.375	-145.39	3171.7	0.785501
-284.4	-147.281	3175.88	0.78546
-275.875	-149.266	3180.29	0.78542
-266.666	-151.569	3181.96	0.785386
-258.023	-155.461	3182.28	0.785346
-251.984	-156.376	3184.94	0.785314
-245.643	-155.951	3188.9	0.785284
-240.216	-160.065	3190.89	0.785247
-231.158	-162.239	3193.89	0.785219
-221.842	-163.992	3197.05	0.78519
-213.094	-166.558	3197.81	0.78516
-205.213	-168.422	3198.22	0.78513
-197.084	-168.424	3201.65	0.785102
-189.392	-168.55	3204.94	0.785077
-183.023	-170.74	3207.11	0.785052
-176.541	-173.028	3209.39	0.785027
-170.538	-176.351	3210.83	0.785002
-165.957	-179.12	3213.23	0.784977
-160.752	-180.585	3217.41	0.784952
-155.107	-181.652	3221.56	0.784929
-148.107	-181.292	3226.85	0.784904
-142.954	-180.419	3231.32	0.784879
-137.429	-180.557	3235.08	0.784857
-133.681	-182.451	3240.45	0.784834
-129.658	-183.984	3246.49	0.784812
-125.944	-184.585	3247.22	0.784785
-119.748	-182.058	3245.96	0.784763
-113.836	-182.873	3237.42	0.784733
-111.264	-185.992	3228.19	0.784702
-111.399	-186.226	3224.24	0.784684
-113.04	-187.271	3219.42	0.784648
-114.353	-185.401	3221.7	0.784623
-114.673	-182.665	3227.83	0.784598
-111.978	-179.522	3233.69	0.784573
-105.952	-173.188	3239.06	0.784548
-99.6607	-168.509	3242.97	0.784523
-94.2409	-167.161	3242.67	0.784496
-89.5682	-164.837	3240.26	0.784472
-83.3703	-157.712	3234.79	0.784447
-78.4776	-148.778	3225.14	0.784417
-79.0513	-142.685	3214.87	0.784385
-80.9135	-136.254	3206.3	0.784363
-82.3939	-137.777	3197.6	0.784328
-81.5211	-137.242	3191.56	0.784301
-79.9764	-137.357	3187.35	0.784266
-77.4871	-135.58	3189.52	0.784238
-70.4193	-133.735	3190.51	0.784213
-61.0116	-131.52	3189.08	0.784185
-55.1196	-128.899	3187.21	0.784162
-59.5213	-128.934	3187.54	0.784139
-68.1178	-134.037	3185.45	0.784114
-71.4622	-140.139	3179.45	0.784123
-71.6488	-155.685	3166.33	0.784104
-70.8986	-162.252	3162.29	0.784102
-70.2452	-161.603	3164.12	0.784104
-68.2564	-155.485	3169.6	0.784106
-67.4123	-147.082	3177.53	0.784106
-66.7526	-139.589	3175.84	0.784111
-65.6027	-134.334	3169.59	0.784111
-69.6056	-131.736	3153.77	0.784113
-70.729	-135.427	3138.83	0.784115
-70.0722	-140.743	3131.26	0.784112
-71.2956	-139.587	3122.65	0.78411
-69.9801	-136.686	3117.13	0.784107
-75.6689	-123.839	3117.48	0.784072
-83.6896	-112.565	3119.74	0.784038
-87.208	-109.985	3122.57	0.784003
-82.1904	-113.039	3130.52	0.783974
-71.6517	-116.797	3138.13	0.783946
-61.2378	-114.667	3143.09	0.783908
-60.1172	-111.184	3140.23	0.783872
-64.8037	-108.896	3143.88	0.783842
-69.1255	-106.177	3149.31	0.783809
-70.3054	-104.198	3154.99	0.783776
-66.14	-104.151	3159.43	0.783745
-60.4656	-102.694	3164.94	0.783712
-52.5357	-103.871	3167.62	0.783668
-44.2377	-103.464	3167.69	0.783628
-37.3957	-101.649	3162.45	0.783589
-38.2246	-101.117	3161.64	0.783547
-45.1091	-101.605	3167.95	0.783507
-48.5671	-104.449	3176.5	0.783451
-45.8532	-101.76	3187.74	0.783407
-40.9122	-102.182	3197.58	0.783363
-35.2459	-106.57	3206.57	0.783319
-34.1697	-116.421	3218.96	0.783278
-26.9649	-120.251	3232.53	0.783237
-16.8508	-119.278	3245.12	0.783196
-6.05723	-116.078	3248.86	0.783155
3.00414	-111.633	3245.38	0.783112
8.5936	-108.678	3236.95	0.783069
9.58628	-108.808	3224.81	0.783028
7.05233	-114.017	3214.22	0.782987
2.45419	-121.429	3208.48	0.782944
0.311254	-126.797	3209.34	0.782905
7.23746	-124.273	3209.94	0.782863
6.00856	-126.615	3215.17	0.782822
4.76387	-130.973	3219.71	0.782779
7.16244	-132.883	3228.06	0.782745
15.2818	-133.465	3234.99	0.782706
24.0012	-132.883	3237.9	0.782667
30.8525	-130.04	3235.03	0.782627
34.8447	-126.221	3228.59	0.782588
35.9711	-123.952	3221.26	0.78255
35.3587	-123.451	3210.12	0.782508
33.4168	-123.14	3203.42	0.782467
32.8746	-122.734	3198.96	0.782426
35.7625	-122.349	3196.1	0.78238
41.896	-117.639	3194.16	0.782343
47.8491	-112.513	3193.07	0.782304
51.0693	-109.441	3194.48	0.782267
54.1314	-105.885	3194.67	0.782235
57.6047	-102.559	3194.18	0.7822
63.0702	-98.3648	3188.49	0.782163
66.7708	-96.6053	3178.26	0.782124
65.5872	-94.3213	3172.45	0.782089
65.8992	-99.0893	3161.3	0.782036
66.2944	-98.0387	3155.58	0.782
64.9905	-96.5748	3150.45	0.781961
61.3665	-98.7582	3147.64	0.781916
61.2251	-98.6946	3146.84	0.781876
65.7074	-92.9217	3147.73	0.781841
66.7543	-91.1675	3152.82	0.781813
70.498	-84.4664	3154.94	0.781784
78.2976	-83.5839	3149.41	0.781747
87.0389	-80.3711	3142.88	0.781714
89.4777	-80.8293	3137.73	0.781678
87.856	-91.846	3132.94	0.781629
88.0819	-94.2355	3135.31	0.781593
92.2103	-88.1734	3140.55	0.781558
96.6399	-83.7353	3142.97	0.781515
102.759	-73.9781	3143.97	0.781489
93.0925	-83.772	3154.13	0.781452
90.9133	-90.7055	3165.05	0.781419
102.758	-91.6569	3175.29	0.781377
106.472	-86.3754	3185.04	0.781356
111.92	-77.7733	3188.43	0.781325
120.675	-70.0797	3183.08	0.781295
115.718	-70.1464	3175.26	0.781276
110.816	-71.8701	3160.65	0.781251
92.7911	-78.1832	3152.32	0.781227
77.5135	-82.4278	3149.2	0.781199
71.6162	-80.9232	3145.13	0.781173
69.8476	-78.8684	3140.1	0.781149
69.7471	-80.0907	3134.83	0.781125
68.3538	-84.3467	3131.95	0.781099
67.223	-88.4372	3128.24	0.781071
64.098	-93.9481	3124.05	0.781045
57.357	-101.413	3125.44	0.781018
52.9167	-107.002	3130.81	0.780995
49.949	-110.485	3135.16	0.780971
46.8346	-111.504	3139.35	0.780952
42.6727	-107.843	3141.33	0.780942
33.5152	-109.417	3149.36	0.780942
24.8307	-116.786	3163.15	0.780949
21.4461	-126.73	3184.05	0.78096
24.345	-139.082	3206.01	0.780976
32.4137	-148.671	3233.42	0.780997
40.855	-158.04	3260.97	0.781024
51.7239	-161.996	3283.94	0.781049
61.6835	-156.788	3297.06	0.78106
67.621	-149.644	3299.02	0.781069
69.1845	-145.523	3294.69	0.781079
64.9426	-147.518	3289.63	0.781086
57.0074	-152.868	3285.79	0.78109
49.4833	-160.088	3285.85	0.781095
45.8677	-167.057	3292.91	0.781098
43.2867	-169.38	3299.56	0.7811
43.4594	-171.041	3307.11	0.781103
52.9087	-176.087	3326.96	0.781103
66.7951	-184.972	3348.93	0.781112
76.6502	-183.566	3360.86	0.781111
82.0573	-174.795	3352.68	0.781111
82.5327	-164.14	3331.91	0.781109
76.8702	-159.832	3310.75	0.78111
62.1128	-166.704	3299.21	0.781112
49.9015	-177.522	3304.06	0.781115
45.8045	-183.304	3319.08	0.781113
53.1953	-182.783	3338.17	0.781109
63.8293	-182.614	3356.58	0.78111
74.4621	-180.668	3363.92	0.781115
81.364	-176.493	3361.21	0.781117
88.0932	-172.618	3350.09	0.781122
93.6418	-169.54	3336.07	0.781125
93.9903	-170.948	3324.88	0.78113
91.8032	-175.769	3318.89	0.781137
90.6805	-179.445	3319.44	0.781141
94.1782	-181.304	3322.46	0.781148
101.039	-181.499	3326.55	0.781156
112.553	-181.075	3331.95	0.781163
125.135	-181.129	3334.85	0.781167
136.146	-182.17	3337.41	0.781172
142.721	-184.828	3336.85	0.781177
149.663	-186.047	3337	0.781184
155.633	-186.183	3337.74	0.781191
160.637	-187.375	3333.71	0.781201
165.608	-188.231	3330	0.781208
169.657	-188.946	3327.63	0.781215
172.985	-189.497	3326.94	0.781222
175.284	-189.202	3325.94	0.781229
178.822	-190.491	3330.34	0.781241
182.289	-191.934	3333.74	0.78125
187.187	-194.612	3335.25	0.781264
190.915	-194.321	3335.55	0.781273
193.534	-193.111	3332.67	0.781284
195.113	-195.916	3325.33	0.781305
193.595	-197.092	3321	0.781314
192.796	-193.849	3317.7	0.781328
191.589	-191.493	3315.4	0.781339
179.831	-195.76	3328.46	0.781351
182.956	-197.272	3340.19	0.781367
196.273	-195.747	3345.02	0.781383
208.072	-200.402	3341.55	0.781398
211.685	-202.548	3334.79	0.781421
207.745	-202.335	3327.78	0.781439
197.146	-206.403	3319.21	0.781446
186.212	-205.861	3318.26	0.781464
178.043	-201.649	3319.62	0.781471
173.939	-199.267	3323.12	0.781485
171.281	-196.434	3325.83	0.781495
170.003	-198.327	3327.4	0.781511
167.262	-199.074	3327.35	0.781513
161.842	-203.749	3326	0.78152
156.695	-209.577	3326.24	0.78153
153.175	-211.696	3331	0.781535
150.739	-213.001	3336.39	0.781544
146.304	-211.479	3345.9	0.781547
143.649	-211.761	3351.12	0.781558
142.064	-211.608	3356.75	0.781561
140.64	-213.114	3360.06	0.781564
139.736	-216.125	3362.53	0.781569
137.845	-217.352	3364.78	0.781572
135.886	-222.835	3365.55	0.781581
133.917	-221.957	3370.58	0.781582
131.346	-222.494	3374.67	0.781587
129.486	-224.834	3378.59	0.781585
127.497	-225.647	3381.98	0.781582
127.577	-236.079	3380.67	0.781591
127.652	-236.626	3382.31	0.781585
127.705	-235.418	3384.02	0.781586
126.477	-231.046	3387.67	0.781589
125.551	-226.035	3391.96	0.78159
124.587	-225.921	3396.59	0.781595
122.899	-225.842	3400.76	0.7816
121.727	-226.189	3401.57	0.781603
120.513	-233.71	3399.88	0.781601
120.183	-238.555	3397.89	0.781596
119.851	-232.176	3382.08	0.781592
109.076	-225.632	3363.43	0.781595
96.3803	-219.782	3339.76	0.781598
81.3687	-216.532	3318.87	0.781599
84.8501	-230.378	3340.11	0.78159
102.722	-242.483	3392.17	0.781598
126.102	-245.732	3445.46	0.781607
147.747	-241.135	3477.64	0.781612
163.403	-232.099	3483.54	0.781615
168.52	-222.189	3466.1	0.781614
162.354	-214.425	3435.84	0.781615
143.971	-216.413	3408.11	0.78162
125.637	-223.434	3394.52	0.781623
114.989	-230.11	3393.62	0.781626
114.236	-235.884	3403.69	0.781631
122.773	-238.618	3419.46	0.781636
135.685	-237.698	3433.67	0.781637
149.51	-236.869	3441.92	0.781642
160.016	-237.891	3445.31	0.781645
168.101	-237.045	3443.62	0.78165
173.168	-238.025	3441.56	0.781649
177.464	-238.711	3438.42	0.781652
182.269	-238.282	3433.73	0.781655
188.852	-239.857	3428.37	0.781658
193.165	-241.86	3426.27	0.781658
196.159	-245.634	3426.55	0.781659
198.139	-248.1	3431.1	0.781662
203.122	-247.961	3436.33	0.781665
209.695	-249.317	3437.63	0.781666
216.274	-250.538	3439.81	0.781669
222.457	-251.112	3442.15	0.781672
226.867	-251.625	3445.66	0.781675
230.433	-252.402	3447.19	0.781681
232.312	-253.894	3446.51	0.781684
234.268	-257.03	3448.32	0.781689
238.664	-262.318	3457.43	0.781696
246.772	-266.433	3469.98	0.781703
255.769	-267.962	3481.51	0.781711
265.813	-268.122	3489.19	0.78172
273.71	-265.971	3488.08	0.78173
279.975	-270.363	3480.69	0.781731
281.049	-273.586	3471.81	0.781753
279.371	-274.744	3464.67	0.781775
274.176	-269.673	3460.26	0.781793
269.768	-265.617	3455.65	0.781806
271.826	-262.578	3448.42	0.78182
274.012	-258.992	3446.3	0.781838
279.187	-261.79	3450.26	0.78185
292.645	-277.489	3464.24	0.781846
285.395	-283.092	3462.92	0.78185
274.98	-274.787	3445.55	0.781859
260.731	-262.56	3420.98	0.781871
246.355	-252.212	3392.61	0.781884
240.296	-263.309	3382.57	0.781879
245.554	-284.274	3388.64	0.781867
255.338	-302.666	3407.5	0.781853
266.435	-310.966	3432.14	0.781839
278.044	-312.265	3448.91	0.781816
287.914	-310.63	3458.31	0.781792
298.009	-308.784	3457.2	0.781768
294.468	-302.862	3437.26	0.781745
280.712	-295.194	3406.69	0.781725
260.533	-289.083	3378.54	0.781705
243.509	-284.049	3353.32	0.781686
227.568	-284.812	3344.15	0.78167
220.383	-287.04	3346.86	0.781655
217.903	-290.45	3358.63	0.781641
237.229	-298.283	3383.3	0.781624
262.045	-306.968	3414.33	0.781608
278.904	-303.606	3450.14	0.781602
294.234	-290.402	3474.02	0.781606
306.181	-276.897	3482.07	0.781609
312.172	-268.24	3475.71	0.781612
309.621	-270.493	3460.54	0.781607
300.971	-282.092	3436.3	0.781589
289.699	-291.944	3415.65	0.781568
276.732	-297.608	3405.41	0.781548
267.214	-305.096	3403.93	0.781517
255.997	-303.952	3394.98	0.78149
248.503	-295.448	3381.79	0.781463
249.289	-296.588	3381.08	0.781423
254.12	-303.342	3385.85	0.781385
256.34	-312.135	3395.37	0.781345
259.574	-318.013	3408.61	0.781305
263.736	-321.885	3418.12	0.781271
268.756	-325.438	3421.36	0.78124
272.718	-326.669	3419.71	0.78121
273.755	-326.233	3419.02	0.781185
272.374	-321.874	3420.31	0.781158
270.402	-316.36	3422.12	0.781129
269.315	-312.692	3423.03	0.781105
268.038	-310.195	3425.54	0.781076
268.675	-304.158	3428.48	0.781069
276.132	-292.276	3426.73	0.781065
283.653	-266.944	3430.93	0.781088
283.625	-248.201	3431.96	0.781103
279.774	-241.434	3429.62	0.781115
267.587	-248.215	3440.3	0.781133
261.109	-258.594	3457.95	0.781149
248.715	-268.804	3498.78	0.781156
245.258	-276.568	3550.9	0.781159
283.346	-265.983	3570.8	0.781162
324.247	-258.857	3557.66	0.781184
342.514	-253.53	3516.83	0.781195
333.518	-247.637	3466.42	0.781205
303.8	-246.486	3418.33	0.781223
264.23	-247.703	3390.97	0.781234
230.76	-256.434	3386.37	0.781242
219.623	-262.566	3411	0.78126
225.263	-265.55	3442.96	0.781271
240.447	-265.736	3468.71	0.781281
256.544	-264.393	3482.01	0.781288
265.993	-262.806	3481.76	0.781297
265.28	-263.147	3470.72	0.781307
254.261	-264.361	3452.7	0.781314
235.92	-264.848	3436.89	0.78132
217.939	-268.075	3432.22	0.781327
207.274	-281.398	3435.8	0.781347
207.529	-287.562	3450.71	0.781354
215.388	-299.307	3481.48	0.781383
227.599	-308.234	3513.15	0.781409
241.605	-314.328	3538.7	0.781438
253.765	-317.895	3558.95	0.781464
263.174	-318.601	3574.31	0.78149
268.715	-320.59	3582.68	0.781518
265.977	-319.502	3574.69	0.781544
255.796	-317.977	3553.64	0.781561
243.008	-316.572	3528.26	0.781575
226.817	-318.357	3503.14	0.781585
214.199	-322.938	3488.92	0.781594
208.664	-328.116	3490.99	0.781606
205.56	-330.82	3506.91	0.781618
207.654	-331.221	3532.83	0.781631
216.72	-328.351	3551.78	0.781643
232.256	-323.555	3563.07	0.781653
243.977	-321.72	3574.42	0.781664
252.374	-320.819	3587.73	0.78168
257.375	-321.761	3602.94	0.781695
262.374	-322.127	3618.68	0.781713
266.255	-321.557	3626.78	0.781729
267.502	-318.747	3623.34	0.781744
270.529	-315.153	3616.92	0.781762
274.417	-312.327	3616.05	0.781783
272.268	-314.385	3613.49	0.781799
266.621	-314.833	3609.78	0.781818
257.441	-318.337	3606.81	0.78184
250.31	-319.275	3606.8	0.781866
247.623	-319.756	3608.74	0.781889
249.146	-316.359	3608.54	0.781913
249.475	-313.82	3605.48	0.781939
247.202	-309.936	3599.77	0.781964
244.46	-308.846	3594.9	0.781992
239.524	-312.379	3590.98	0.782028
236.252	-316.099	3591.89	0.782066
233.756	-316.024	3588.8	0.782104
230.035	-312.637	3579.49	0.782142
222.21	-306.091	3562.16	0.782178
215.362	-296.999	3535.8	0.782212
209.081	-291.681	3512.82	0.782249
201.094	-279.524	3494.51	0.782271
193.452	-263.131	3489.62	0.782276
188.962	-255.229	3494.7	0.782292
193.063	-265.222	3503.97	0.782324
205.095	-279.433	3523.23	0.782361
219.783	-277.308	3549.22	0.782372
235.366	-264.724	3572.8	0.782384
246.927	-247.341	3582.14	0.782395
254.725	-234.413	3581.22	0.782408
256.7	-224.684	3569.96	0.78242
251.625	-218.069	3548.28	0.782433
241.212	-211.769	3521.77	0.782444
228.901	-207.768	3496.78	0.782458
216.596	-206.986	3475.49	0.782471
204.905	-205.403	3457.65	0.782484
198.589	-203.554	3449.86	0.782498
196.296	-201.38	3447.61	0.782514
197.627	-197.805	3448.61	0.782533
200.218	-190.961	3448.49	0.782551
204.467	-183.44	3443.83	0.782571
208.759	-174.633	3433.94	0.782588
208.861	-168.658	3418.2	0.78261
201.759	-165.856	3404.47	0.782632
190.497	-166.262	3394.26	0.782654
182.31	-166.88	3384.7	0.782681
177.923	-165.549	3374.96	0.782709
171.727	-167.564	3368.02	0.782747
167.874	-166.662	3360.93	0.782784
166.591	-162.307	3354.38	0.782822
159.559	-162.117	3349.76	0.782868
152.086	-160.898	3349.55	0.782908
146.683	-156.009	3351.79	0.782945
144.262	-153.276	3351.83	0.782991
143.178	-152.422	3352.41	0.783035
140.902	-150.885	3354.02	0.783079
137.203	-151.956	3354.82	0.783123
132.366	-150.336	3356.45	0.783165
129.71	-145.448	3354.75	0.783205
125.337	-142.094	3352	0.783244
118.176	-143.109	3350.32	0.783282
108.263	-149.511	3352.95	0.783324
102.716	-155.092	3359.2	0.783361
101.224	-156.038	3363.14	0.783394
101.958	-149.866	3363.48	0.78342
103.438	-141.675	3356.36	0.783443
100.675	-136.794	3344.71	0.783465
91.5717	-141.729	3332.84	0.783483
80.729	-151.383	3326.86	0.783498
72.2391	-159.788	3329.78	0.78351
68.4298	-164.326	3340.63	0.783525
73.135	-169.041	3357.05	0.783534
81.7355	-171.767	3374.83	0.783544
91.5364	-170.178	3389.1	0.783559
104.672	-167.183	3396.78	0.783568
112.459	-162.042	3393.31	0.783575
110.772	-160.106	3381.14	0.783578
101.459	-160.062	3368.44	0.783583
90.7941	-167.117	3357.7	0.783585
85.3576	-174.69	3352.84	0.783584
87.847	-182.295	3355.38	0.783573
95.0423	-180.458	3358.68	0.783567
100.782	-168.187	3362.59	0.783574
105.926	-153.104	3357.58	0.783579
111.498	-144.803	3346.17	0.783577
113.378	-142.758	3331.54	0.783573
112.137	-143.224	3315.81	0.783567
107.679	-145.197	3306.11	0.783558
108.332	-149.16	3297.5	0.783539
109.446	-153.108	3292.3	0.783519
110.355	-154.035	3289.85	0.783497
112.395	-148.73	3287.58	0.783477
118.281	-145.069	3280.34	0.783442
121.488	-143.545	3271.68	0.783409
122.027	-136.492	3263.53	0.783384
121.732	-133.906	3251.62	0.783351
122.305	-133.637	3239.41	0.78332
121.604	-133.992	3229.21	0.783286
120.998	-135.161	3219.49	0.78325
118.595	-135.947	3213.34	0.783211
118.467	-132.709	3211.14	0.783179
120.186	-132.318	3208.64	0.78314
122.396	-133.304	3209	0.783109
127.354	-133.934	3209.9	0.783077
132.562	-133.585	3209.03	0.783045
135.171	-135.219	3206.13	0.783017
139.586	-135.624	3199.82	0.78299
143.216	-136.774	3196.32	0.782963
147.219	-135.342	3195.04	0.782931
151.146	-133.706	3195.39	0.782899
155.971	-129.045	3200.09	0.78288
164.007	-124.161	3206.61	0.78286
174.771	-126.402	3208.67	0.782828
185.011	-130.159	3213.59	0.782805
194.048	-129.941	3222.44	0.782798
204.418	-128.648	3231.25	0.782793
217.745	-127.433	3239.52	0.782789
230.941	-127.045	3246.66	0.78278
242.442	-134.132	3254.52	0.78276
248.463	-140.82	3249.62	0.782737
256.544	-154.294	3250.46	0.782706
264.869	-156.577	3261.64	0.782702
275.939	-153.303	3276.12	0.7827
291.993	-155.395	3287.89	0.782689
307.802	-158.463	3295.03	0.782678
319.565	-162.246	3300.43	0.782669
330.649	-165.583	3305.27	0.782659
340.41	-181.205	3303.33	0.782624
347.675	-184.394	3305.76	0.782615
352.781	-183.289	3308.58	0.782604
359.526	-181.337	3310.3	0.782592
367.483	-176.946	3309.69	0.782583
376.147	-174.748	3310.72	0.782575
385.533	-169.137	3310.9	0.782575
394.974	-169.265	3312.12	0.782569
399.99	-171.378	3314.47	0.782565
403.552	-171.934	3313.96	0.782561
405.636	-173.001	3312.94	0.782559
406.802	-169.81	3311.43	0.782559
408.664	-166.087	3309.55	0.78256
411.914	-162.816	3304.13	0.78256
414.978	-159.376	3298.24	0.782556
416.831	-154.65	3294.53	0.782558
417.217	-151.512	3291.14	0.782561
417.831	-141.853	3288.02	0.78257
419.592	-139.697	3283.05	0.782568
422.918	-138.651	3282.04	0.782575
426.311	-139.703	3281.83	0.782579
428.863	-139.755	3285	0.782588
430.635	-142.716	3288.52	0.782604
434.721	-147.537	3291.35	0.782616
440.142	-150.072	3291.61	0.782636
443.679	-145.594	3287.32	0.782649
444.303	-138.155	3278.74	0.782661
442.631	-134.435	3272.49	0.782672
440.016	-131.051	3269.09	0.782686
437.18	-129.985	3268.44	0.782699
441.155	-123.44	3256.96	0.782704
434.683	-123.386	3257.31	0.78271
425.723	-125.177	3261.3	0.782717
421.131	-129.987	3270.13	0.782729
430.78	-132.952	3277.3	0.782742
444.502	-130.068	3278.27	0.782756
455.836	-123.256	3270.57	0.782767
460.442	-114.652	3255.14	0.782774
456.227	-111.961	3239.07	0.782778
445.057	-126.283	3225.27	0.78281
433.809	-149.123	3217.68	0.782851
430.566	-164.503	3218.06	0.782892
433.931	-169.756	3226.32	0.782933
440.941	-162.897	3244.87	0.78296
452.579	-152.999	3263.9	0.782987
467.38	-142.09	3278.13	0.783007
483.174	-135.574	3285.96	0.783027
495.629	-133.869	3290.82	0.78305
510.145	-132.791	3287.85	0.783072
523.218	-131.939	3282.37	0.783092
529.691	-132.149	3276.37	0.783113
533.624	-133.625	3274.08	0.783133
531.998	-137.426	3280.37	0.783153
533.711	-143.116	3293.21	0.783178
544.226	-147.515	3311.87	0.783202
563.667	-149.488	3329.65	0.783229
587.456	-149.482	3341.52	0.783254
606.93	-150.075	3348.64	0.78328
621.222	-148.808	3351.15	0.783309
629.875	-148.507	3351.08	0.78334
631.244	-146.472	3349.98	0.783375
631.63	-144.792	3346.57	0.783412
631.27	-143.655	3344.67	0.783452
630.87	-146.553	3349.47	0.783494
634.408	-150.073	3358.6	0.783536
640.802	-153.116	3368.25	0.78358
652.916	-153.725	3376.33	0.783623
665.083	-153.15	3382.61	0.783667
676.606	-151.193	3384.2	0.783711
679.96	-152.98	3384.21	0.783759
682.672	-152.881	3380.96	0.783804
683.784	-152.552	3377.96	0.78385
686.276	-151.734	3374.39	0.783896
685.839	-153.303	3372.5	0.783944
684.698	-156.081	3374.61	0.783992
686.807	-159.189	3379.22	0.784038
692.034	-159.109	3383.35	0.784082
697.008	-158.641	3389.29	0.784125
702.288	-157.326	3393.18	0.784169
708.46	-154.702	3395	0.78421
707.569	-156.394	3396.86	0.784256
707.989	-158.231	3397.56	0.784301
709.112	-159.155	3397.45	0.784347
711.294	-158.49	3395.1	0.784393
713.446	-161.46	3392.27	0.784432
712.636	-162.211	3389.15	0.784475
713.592	-157.299	3382.33	0.784519
711.85	-155.166	3370.62	0.784556
702.496	-155.58	3360.42	0.784596
693.817	-151.554	3348.79	0.784633
685.095	-147.39	3336.76	0.78467
675.914	-144.289	3325.92	0.784706
668.217	-150.764	3316.65	0.78475
663.48	-163.841	3306.82	0.784788
660.533	-173.064	3297.15	0.784826
656.301	-178.169	3287.89	0.784859
651.214	-185.984	3279.4	0.784902
644.232	-199.681	3271.82	0.784929
637.815	-199.578	3268.27	0.784987
636.38	-193.935	3259.61	0.785075
630.705	-176.325	3254.71	0.785135
623.157	-164.578	3254.76	0.785185
615.109	-149.749	3262.06	0.785237
611.205	-137.84	3270.09	0.785284
613.604	-136.06	3274.65	0.785338
617.115	-138.808	3276.32	0.785389
619.938	-144.552	3279.26	0.785438
621.244	-151.578	3280	0.785481
620.416	-157.252	3281.08	0.785525
618.296	-163.251	3283.14	0.785577
614.963	-165.211	3286.2	0.785626
613.602	-164.979	3288.75	0.785673
613.006	-165.499	3295.34	0.78572
612.574	-166.033	3302.97	0.785766
612.64	-165.722	3305.31	0.785811
614.842	-161.644	3302.38	0.785855
620.672	-158.496	3310	0.785902
623.306	-160.099	3313.46	0.785936
625.373	-163.196	3315.61	0.785969
626.591	-166.49	3320.29	0.786015
632.924	-164.369	3323.56	0.786075
637.289	-160.583	3319.91	0.786133
640.737	-158.163	3314.05	0.78619
638.236	-158.027	3303.81	0.786245
628.401	-161.031	3286.68	0.786272
618.098	-162.773	3277.17	0.786306
609.94	-166.376	3275.09	0.786335
607.664	-178.366	3268.48	0.786364
610.897	-185.91	3269.22	0.786403
615.29	-189.383	3274.52	0.786443
621.338	-183.559	3283.56	0.786494
626.175	-175.362	3289.57	0.786546
631.063	-169.638	3299.1	0.786593
634.22	-165.153	3315	0.786631
638.792	-159.586	3336.09	0.786659
648.72	-156.808	3356.34	0.786686
660.859	-160.796	3374.65	0.786719
673.134	-161.763	3392.74	0.786752
685.56	-165.926	3409.71	0.786793
696.872	-166.355	3422.88	0.78683
706.079	-152.918	3435.51	0.786867
709.489	-139.69	3449.69	0.786901
705.196	-138.905	3471.9	0.78694
710.791	-138.25	3489.85	0.786974
719.843	-144.551	3507.33	0.787012
734.106	-147.789	3518.23	0.787048
743.446	-152.612	3525.47	0.787095
749.345	-154.502	3527.17	0.787137
748.519	-160.748	3529.93	0.787183
746.789	-166.445	3535.86	0.787229
747.31	-171.122	3542.4	0.787275
748.154	-177.506	3550.41	0.787327
749.891	-183.104	3559.63	0.787382
755.112	-187.998	3569.15	0.787436
761.243	-189.201	3574.91	0.787486
766.527	-188.579	3575.96	0.787538
769.959	-190.04	3578.39	0.787592
771.258	-194.318	3584.86	0.787648
779.783	-193.082	3581.07	0.787703
789.526	-188.126	3566.41	0.787755
783.658	-192.532	3561.68	0.787811
773.897	-200.048	3567.09	0.787868
767.497	-206.159	3577.4	0.787926
773.506	-205.68	3590.65	0.787984
788.455	-203.059	3605.94	0.788042
806.153	-199.708	3616.54	0.788103
823.039	-196.397	3623.2	0.788167
835.898	-193.014	3621.45	0.78823
845.782	-188.972	3616.87	0.788293
848.943	-187.428	3612.77	0.788361
853.04	-185.517	3611.7	0.788428
858.821	-182.848	3611.66	0.788498
870.44	-181.768	3618.78	0.78857
886.027	-181.234	3629.9	0.788643
898.993	-176.909	3627.85	0.788712
907.347	-173.74	3617.8	0.788784
918.534	-173.341	3619.62	0.788865
924.529	-174.386	3617.19	0.788943
933.077	-176.691	3625.38	0.78902
943.568	-181.344	3638.81	0.789097
948.314	-182.186	3632.9	0.789169
958.202	-184.864	3636.43	0.789254
972.892	-184.932	3645.47	0.789331
979.195	-185.1	3642.39	0.789404
986.556	-196.179	3644.88	0.789501
995.872	-207.417	3650.89	0.789586
997.639	-213.121	3671.15	0.789671
1000.6	-211.468	3693.7	0.789752
1019.28	-210.833	3711.24	0.789841
1041.33	-218.559	3709.42	0.789941
1059.16	-232.504	3705.59	0.790048
1066.84	-240.62	3701.51	0.790148
1059.62	-245.79	3696.76	0.790246
1049.09	-251.309	3696.22	0.790349
1034.17	-256.236	3687.91	0.790445
1029.02	-261.026	3695.39	0.790549
1025.99	-263.795	3697.65	0.79064
1030.69	-263.347	3715.37	0.790735
1040.89	-268.517	3739.61	0.790837
1053.41	-275.551	3756.76	0.790936
1070.58	-280.49	3778.12	0.791038
1083.22	-283.568	3786.21	0.791136
1095.26	-280.018	3795.02	0.791232
1096.57	-275.935	3796.17	0.791319
1087.45	-263.902	3796.27	0.791396
1081.73	-250.87	3806.41	0.791468
1084.49	-241.491	3815.26	0.79154
1090.21	-241.938	3823.41	0.791612
1094.59	-247.405	3833.95	0.791682
1109.2	-258.627	3837.25	0.791769
1121.89	-268.915	3830.47	0.791856
1125.43	-270.434	3823.72	0.791936
1124.71	-265.52	3823.16	0.792015
1122.47	-260.455	3828.54	0.792095
1121.87	-254.015	3833.88	0.792171
1128.42	-250.638	3841.81	0.792246
1137.17	-249.879	3843.45	0.79232
1148.54	-249.208	3841.05	0.792395
1155.71	-250.236	3831.25	0.792467
1161.21	-250.568	3827.91	0.792544
1163.67	-249.154	3824.25	0.792622
1166.73	-247.579	3825.66	0.792701
1167.17	-248.117	3821.17	0.792775
1172.53	-247.472	3825.69	0.792856
1180.72	-246.362	3829.44	0.792936
1188.99	-244.855	3829.77	0.793015
1197.08	-244.31	3829.55	0.793098
1204.59	-242.869	3831.97	0.793185
1208.13	-242.354	3828.88	0.793269
1212.7	-241.676	3829.69	0.793356
1213.5	-240.459	3828.99	0.793443
1214.14	-239.277	3827.6	0.79353
1216	-238.761	3830.46	0.793619
1218.63	-237.784	3832.01	0.793707
1224.34	-236.24	3834.87	0.793798
1223.46	-236.483	3823.97	0.793881
1223.97	-238.836	3820.85	0.793976
1225.18	-240.195	3822.97	0.794069
1228.83	-241.959	3832.55	0.794162
1242.16	-242.731	3861.51	0.794262
1266.39	-243.479	3900.41	0.794361
1295.19	-245.313	3943.7	0.79446
1320	-245.678	3968.07	0.794552
1349.38	-240.722	3985.71	0.794643
1355.66	-232.19	3958.43	0.794727
1349.72	-225.679	3924.67	0.794817
1321.46	-217.664	3879.43	0.7949
1289.47	-217.766	3863.43	0.79499
1263.64	-226.393	3874.71	0.795078
1263.89	-233.806	3891.47	0.795169
1280.67	-243.749	3895.44	0.795253
1306.21	-249.212	3907.65	0.79535
1326.7	-253.585	3938.86	0.79545
1337.46	-255.537	3968.59	0.795546
1352.41	-249.698	3973.99	0.795641
1361.09	-242.585	3956	0.795736
1352.44	-242.721	3906.24	0.795817
1327.53	-247.062	3846.93	0.795917
1275.57	-251.033	3797.1	0.796025
1217.71	-253.523	3771.8	0.796137
1176.79	-255.126	3773.59	0.796253
1171.41	-263.553	3812.55	0.796366
1197.92	-274.538	3863.33	0.796472
1236.03	-281.626	3879.53	0.796563
1280.95	-275.369	3895.12	0.796665
1295.75	-267.496	3883.11	0.796757
1285.71	-257.067	3863.03	0.796854
1262.65	-247.313	3846.45	0.796957
1252.08	-243.809	3834.74	0.797068
1247.59	-247.521	3820.07	0.797174
1242.56	-252.479	3809.82	0.797281
1238.93	-257.722	3805.43	0.797385
1232.79	-262.068	3804.06	0.797488
1229.68	-261.645	3811.04	0.797597
1231.37	-259.132	3822.3	0.797705
1236.54	-256.07	3836.11	0.797811
1246.59	-253.059	3846.78	0.797917
1258.24	-254.275	3862.11	0.798023
1268.71	-258.96	3879.27	0.79813
1279.04	-261.587	3895.23	0.798234
1288.01	-261.91	3908.82	0.798339
1292.69	-260.835	3915.07	0.798441
1292.51	-261.14	3913.6	0.798543
1288.5	-262.036	3904.72	0.798647
1279.19	-262.721	3892.38	0.798751
1265.91	-258.988	3883.95	0.798844
1251.2	-255.071	3879.76	0.798937
1237.35	-257.464	3880.01	0.799033
1229.02	-254.347	3884.92	0.799116
1223.95	-262.055	3891.37	0.799214
1224.12	-274.903	3900.17	0.799311
1225.96	-276.827	3910.43	0.799396
1227.13	-279.656	3918.1	0.799489
1224.26	-284.215	3914.72	0.799578
1215.37	-288.123	3899.59	0.799663
1207.05	-288.39	3893.38	0.799756
1200.94	-286.067	3891.05	0.799849
1192.52	-285.361	3895.19	0.799942
1184.36	-287.742	3900.47	0.800032
1173.02	-292.777	3891.65	0.800104
1162.66	-293.692	3880.54	0.800183
1158.37	-294.743	3882.55	0.800274
1153.89	-292.122	3883.94	0.800349
1154.47	-289.256	3895.12	0.800435
1151.42	-287.951	3897.12	0.800515
1153.66	-287.9	3907.6	0.8006
1150.9	-289.397	3901.72	0.800676
1151.85	-288.771	3899.54	0.80076
1149.98	-289.779	3897.12	0.80084
1152.4	-289.312	3903.03	0.800925
1149.92	-289.349	3897.6	0.801004
1150.57	-288.88	3918.32	0.801089
1148.89	-281.064	3923.49	0.801172
1161.21	-282.104	3958.1	0.801255
1199.84	-298.734	3957.92	0.801373
1230.92	-317.489	3925.34	0.801485
1220.76	-322.341	3890.46	0.801574
1189.79	-313.483	3879.19	0.801662
1152.01	-303.094	3879.85	0.801746
1131.83	-298.913	3901.89	0.801832
1128.23	-300.222	3912.95	0.8019
1150.61	-304.681	3938.19	0.801984
1183.69	-316.079	3970.27	0.802074
1213.77	-326.857	3994.45	0.80216
1238.95	-334.562	4018.3	0.802246
1257.53	-345.017	4034.42	0.80234
1262.36	-351.456	4033.3	0.80243
1258.21	-355.807	4029.59	0.802519
1249.93	-354.254	4026.11	0.8026
1238.33	-356.97	4022.8	0.802687
1228.07	-362.528	4022.65	0.802775
1210.58	-360.557	4007.29	0.80284
1196.68	-351.958	3998.12	0.802911
1185.45	-340.618	3991.09	0.802975
1171.7	-336.958	3975.57	0.803029
1158.79	-338.834	3957.72	0.803084
1148.16	-344.005	3949.08	0.803141
1146.89	-348.796	3957	0.803202
1150.58	-352.422	3975.25	0.803262
1153.51	-356.447	3987.31	0.803315
1149.02	-363.331	3970.59	0.803348
1143.81	-360.268	3950.91	0.803396
1146.71	-355.676	3956.54	0.803451
1153.43	-350.532	3975.65	0.80351
1156.56	-343.398	3981.52	0.803566
1163.81	-342.643	3985.36	0.803619
1173.46	-346.958	3991.27	0.803672
1186.73	-349.645	3999.31	0.803728
1200.72	-351.603	4006.88	0.803783
1211.98	-352.935	4014.43	0.803837
1222.73	-352.374	4018.85	0.803892
1227.29	-362.097	4020.03	0.803953
1230.79	-369.59	4023.76	0.804009
1238.55	-375.987	4028.3	0.804078
1249.24	-382.656	4031.72	0.804148
1261	-379.826	4038.63	0.804208
1268.39	-379.022	4045.74	0.804268
1276.16	-379.888	4049.72	0.804322
1281.48	-381.251	4054.96	0.804374
1286.56	-390.099	4055.47	0.804413
1292.85	-394.564	4061.87	0.804462
1296.98	-408.647	4066.28	0.804487
1309.9	-425.137	4063.06	0.804503
1324.03	-435.569	4055.91	0.80452
1324.06	-444.029	4062.31	0.804536
1318.15	-448.006	4078.24	0.804552
1317.25	-448.168	4100.5	0.804568
1329.69	-445.077	4121.32	0.804588
1349.33	-441.56	4140.43	0.804606
1373.83	-442.143	4150.96	0.804618
1398.99	-439.124	4146.4	0.804635
1413.4	-439.54	4131.19	0.804645
1411.11	-423.607	4119.79	0.804683
1395.82	-408.884	4103.64	0.804713
1376.46	-401.566	4088.87	0.804743
1359.26	-401.678	4078.53	0.804774
1349.52	-405.417	4072.5	0.804804
1338.25	-400.685	4058.57	0.804845
1331.22	-396.956	4053.18	0.804886
1333.42	-414.693	4057.63	0.804905
1340.3	-437.86	4072.93	0.804923
1347.4	-457.643	4100.16	0.804942
1356.98	-466.985	4131.84	0.804962
1369.66	-453.672	4160.37	0.805001
1384.19	-432.308	4180.62	0.805042
1396.51	-418.669	4182.68	0.805075
1401.62	-416.24	4171.65	0.80511
1395.19	-420.689	4153.43	0.805145
1377.16	-432.365	4130.09	0.805172
1353.38	-444.482	4110.99	0.8052
1329.4	-452.954	4099.66	0.805231
1307.68	-456.172	4096.65	0.805261
1294.34	-448.448	4100.72	0.8053
1288.45	-439.131	4105.23	0.805341
1285.35	-436.971	4106.65	0.805377
1282.79	-439.695	4110.05	0.805422
1275.88	-450.307	4107.67	0.805452
1266.89	-462.603	4106.43	0.805484
1256.62	-468.553	4110.03	0.80552
1244.9	-467.903	4114.22	0.805556
1237.26	-465.422	4119.35	0.805593
1232.47	-462.481	4126.04	0.805632
1233.98	-457.358	4135.84	0.80568
1227.2	-455.776	4136.85	0.805726
1215.74	-455.284	4129.47	0.805772
1201.27	-459.386	4118.12	0.805813
1187.78	-463.185	4105.03	0.805854
1179.21	-462.963	4088.01	0.805895
1172.17	-462.176	4075.14	0.805936
1164.38	-462.632	4065.36	0.805979
1155.79	-468.338	4060.67	0.806017
1150.49	-472.804	4064.62	0.806059
1147.76	-475.175	4074.19	0.8061
1150.14	-475.442	4086.07	0.806141
1157.73	-480.564	4094.95	0.806181
1165.87	-484.261	4103.09	0.80622
1173.08	-487.933	4108.29	0.806256
1176.56	-489.293	4112.76	0.80629
1178.49	-485.499	4119.19	0.806333
1177.56	-480.641	4124.95	0.806372
1176.88	-477.028	4128.82	0.806411
1169.36	-472.465	4119.81	0.80645
1161.42	-468.377	4107.6	0.806487
1159.52	-468.076	4101.86	0.806525
1155.39	-473.195	4112.04	0.806564
1159.9	-476.833	4129.88	0.806605
1171.44	-479.779	4153.77	0.806646
1187	-483.118	4174.48	0.806683
1204.68	-485.524	4190.95	0.80672
1216.74	-491.568	4212.02	0.806759
1227.15	-496.292	4235.8	0.806799
1237.58	-508.703	4255.8	0.806825
1255.03	-520.384	4266.43	0.806855
1277.17	-520.632	4281.92	0.806896
1294.44	-517.012	4298.25	0.806943
1306.8	-515.904	4312.81	0.806989
1315.35	-518.538	4333.97	0.807037
1325.86	-522.247	4361.44	0.807082
1339.04	-525.73	4386.49	0.80713
1355.21	-528.402	4400.53	0.807174
1371.29	-530.759	4405.37	0.807216
1381.93	-532.844	4401.83	0.807259
1384.3	-536.048	4391.8	0.8073
1378.22	-539.523	4383.15	0.80734
1372.82	-548.179	4369	0.807379
1368.57	-548.208	4361.73	0.807433
1361.39	-544.206	4364.54	0.807482
1353.17	-548.277	4364.1	0.807521
1346.76	-544.874	4374.89	0.807563
1348.09	-540.9	4388.75	0.807605
1355.48	-544.278	4402.16	0.807647
1365.63	-548.542	4411.74	0.807691
1372.68	-552.897	4420.72	0.807735
1372.9	-561.804	4420.8	0.807768
1375.71	-561.445	4420.72	0.807812
1374.88	-559.399	4416.02	0.80785
1370.53	-554.527	4413.93	0.807894
1366.34	-549.535	4416.4	0.807939
1360.77	-548.816	4418.32	0.807981
1360.69	-548.694	4427.73	0.808031
1363.03	-550.992	4444.87	0.808081
1360.62	-555.172	4466.29	0.808128
1355.64	-564.429	4487.61	0.808171
1360.81	-570	4509.88	0.808217
1368.46	-573.459	4529.99	0.808261
1376.51	-576.81	4548.48	0.808304
1382.1	-581.932	4563.6	0.808346
1381.21	-589.122	4574.74	0.808389
1373.75	-597.319	4577.95	0.808429
1365.09	-603.899	4581.7	0.80847
1355.14	-608.063	4584.91	0.808509
1350.62	-608.072	4590.25	0.808546
1345.62	-610.681	4596.11	0.808582
1344.32	-612.095	4597.87	0.808618
1343.19	-613.544	4600.08	0.808653
1338.36	-617.109	4596.46	0.808684
1332.51	-621.265	4593.81	0.808719
1326.48	-624.735	4594.75	0.808753
1324.63	-625.674	4596.7	0.808784
1326.45	-626.162	4598.49	0.808813
1335.33	-624.752	4600.76	0.808844
1353.15	-626.507	4618.23	0.808877
1370.2	-629.588	4639.59	0.808909
1383.74	-633.231	4657.82	0.80894
1391.44	-635.637	4670.66	0.808971
1403.95	-637.776	4693.76	0.809004
1417.09	-639.759	4715.96	0.809039
1434.38	-640.08	4736.84	0.809076
1454.29	-640.803	4757.39	0.809112
1473.72	-643.738	4775.92	0.80915
1492.2	-646.788	4790.37	0.809188
1509.01	-644.473	4796.41	0.809225
1518.19	-640.334	4791.67	0.809261
1523.34	-633.276	4780.48	0.809297
1523.45	-627.142	4770.33	0.809335
1519.51	-624.685	4759.88	0.809374
1515.04	-625.209	4751.35	0.809413
1509.96	-626.102	4746.43	0.809451
1502.69	-628.466	4744.52	0.80949
1500.58	-629.935	4748.6	0.809531
1504.74	-629.914	4754.6	0.809572
1515.23	-627.757	4756.92	0.809612
1529.12	-626.088	4762.55	0.809652
1536.58	-626.781	4766.5	0.809692
1543.33	-628.329	4773.93	0.809735
1548.83	-632.665	4782.03	0.809777
1556.02	-634.172	4791.01	0.809819
1562.96	-632.615	4787.57	0.809855
1569.56	-627.332	4782.84	0.809892
1570.69	-622.824	4774.44	0.809928
1570.71	-620.436	4774.23	0.809967
1565.85	-626.996	4780.15	0.81001
1563.16	-638.211	4792.89	0.81005
1568.01	-644.304	4804.31	0.810089
1579.33	-645.641	4815.07	0.810128
1589.75	-646.666	4821.94	0.810167
1597.12	-646.997	4824.71	0.810206
1603.17	-646.46	4824.14	0.810244
1600.11	-643.159	4821.29	0.810283
1594.59	-640.489	4821.55	0.810322
1589.57	-642.088	4827.97	0.810359
1585.73	-645.927	4838.36	0.810396
1588	-650.286	4852.98	0.810434
1594.96	-654.311	4870.79	0.810471
1605.33	-661.45	4884.4	0.810511
1613.83	-673.16	4900.47	0.810553
1626.52	-678.048	4912.06	0.810593
1638.14	-676.256	4915.82	0.81063
1648.63	-666.528	4904.59	0.810665
1652.46	-655.987	4884.43	0.8107
1642.61	-651.719	4863.28	0.810737
1623.92	-651.054	4841	0.810771
1600.51	-655.898	4827.87	0.810807
1581.24	-661.949	4820.31	0.810841
1574.54	-666.865	4821.46	0.810875
1574.77	-674.224	4836.86	0.810908
1585.91	-682.063	4856.36	0.810941
1602.4	-691.102	4877.21	0.810973
1621.88	-699.657	4898.04	0.811007
1643.31	-706.079	4915.73	0.81104
1657.39	-711.172	4929.52	0.811071
1665.07	-709.112	4935.24	0.811104
1672.08	-705.716	4942.3	0.811138
1677.63	-700.285	4945.19	0.81117
1676.4	-697.901	4945.18	0.811204
1677.89	-701.277	4954.44	0.811237
1679.25	-703.891	4959	0.811271
1687.73	-706.576	4966.46	0.811304
1698.79	-708.773	4974.94	0.811338
1711.74	-710.019	4983.1	0.811371
1723.39	-711.334	4996.56	0.811406
1735.84	-711.045	5008.07	0.81144
1742.81	-708.005	5009.34	0.811475
1748.96	-705.252	5011.72	0.811511
1750.13	-702.612	5009.84	0.811547
1749.06	-701.269	5002.45	0.811582
1742.25	-702.508	4996.01	0.811616
1734.82	-703.795	4989.76	0.811651
1728.84	-702.975	4980.57	0.811686
1725.09	-701.685	4972.68	0.811721
1720.91	-700.075	4964.55	0.811756
1717.33	-699.553	4959.71	0.81179
1714.27	-700.085	4958.18	0.811825
1712.16	-698.54	4960.48	0.81186
1712.17	-695.112	4960.93	0.811895
1714.66	-692.549	4961.81	0.81193
1716.52	-691.014	4960.42	0.811965
1715.35	-691.413	4959.45	0.812
1714.22	-691.954	4957.23	0.812035
1712.95	-690.949	4954.94	0.812068
1711.48	-689.415	4952.81	0.812102
1709.86	-688.182	4951.04	0.812135
1708.25	-686.292	4950.27	0.81217
1706.98	-684.817	4950.27	0.812205
1707.6	-684.896	4953.11	0.81224
1705.72	-685.568	4955.23	0.812275
1703.68	-686.163	4956.71	0.81231
1705.55	-686.245	4957.91	0.812345
1710.37	-685.441	4961.31	0.812381
1712.11	-684.078	4958.36	0.812416
1715.82	-682.377	4956.22	0.812452
1714.53	-680.849	4952.22	0.812489
1709.79	-679.809	4947.48	0.812525
1704.98	-679.957	4945.29	0.812562
1699.94	-681.648	4947.59	0.812598
1696.11	-683.06	4951.06	0.812635
1698.1	-682.252	4955.8	0.812672
1702.21	-681.498	4962.49	0.81271
1709.01	-680.495	4967.56	0.812748
1717.12	-680.515	4972.65	0.812786
1723.96	-681.346	4976.96	0.812824
1725.92	-687.877	4977.94	0.812855
1728.25	-692.948	4985.35	0.812892
1730.44	-696.205	4994.09	0.812926
1729.11	-699.589	5008.69	0.812964
1732.16	-702.002	5014.17	0.813006
1731.3	-702.042	5009.13	0.813045
1731.23	-703.258	5003.07	0.813085
1727.92	-706.038	4991.81	0.813123
1718.56	-707.05	4978.86	0.813159
1701.97	-708.515	4968.09	0.813194
1685.2	-709.291	4961.21	0.813232
1672.21	-709.895	4955.94	0.813268
1665.51	-711.415	4952.48	0.813306
1658.82	-713.295	4950.55	0.813341
1652.92	-716.744	4951.92	0.813374
1643.53	-720.759	4952.81	0.813406
1637.36	-722.491	4956.57	0.81344
1636.42	-722.271	4962.04	0.813473
1635.9	-723.442	4969.07	0.813505
1635.09	-723.704	4971.95	0.813537
1629.34	-726.077	4974.49	0.813568
1622.14	-729.28	4979	0.813598
1613.83	-733.871	4986.13	0.81363
1608.79	-736.718	4992.64	0.813662
1603.8	-738.88	4996.88	0.813692
1602.01	-740.838	4998.59	0.813721
1599.33	-741.213	4995.66	0.81375
1593.4	-741.703	4993.62	0.813779
1584.99	-740.581	4988.3	0.813808
1575.86	-741.972	4982.44	0.813837
1564.43	-746.331	4978.79	0.813868
1555.47	-749.219	4978.65	0.813897
1548.89	-752.965	4980.26	0.813926
1546.41	-755.883	4988.13	0.813953
1545.58	-758.243	4992.02	0.813981
1547.01	-757.744	4992.9	0.814007
1547.97	-759.106	4992.17	0.814033
1552.13	-760.152	4993.53	0.81406
1557.59	-761.742	5003.19	0.814089
1562.12	-764.54	5019.8	0.814118
1569.6	-766.643	5037.55	0.814147
1581.14	-768.46	5055.82	0.814176
1595.91	-770.446	5073.97	0.814204
1614.02	-770.518	5085.31	0.814233
1629.26	-770.984	5093.6	0.814261
1638.65	-771.609	5098.25	0.81429
1643.18	-772.614	5101.73	0.814318
1645.09	-774.05	5106.23	0.814347
1648.44	-773.726	5111.76	0.814376
1654.15	-773.163	5114.61	0.814405
1662.12	-772.736	5119.84	0.814434
1671.02	-773.488	5123.46	0.814463
1679.87	-774.999	5135.14	0.814494
1686.92	-777.586	5143.83	0.814522
1697.41	-778.262	5154.97	0.814553
1711.2	-779.212	5165.92	0.814583
1726.78	-778.856	5175.73	0.814614
1743.61	-778.734	5185.44	0.814644
1754.34	-779.211	5188.34	0.814674
1763.23	-779.421	5190.97	0.814705
1772.45	-777.219	5191.61	0.814737
1778.35	-775.886	5189.67	0.814768
1779.13	-777.01	5190.29	0.814801
1779.52	-779.131	5193.44	0.814835
1780.52	-785.295	5196.95	0.814867
1785.22	-788.721	5202.13	0.814899
1793.86	-789.452	5212.84	0.814932
1804.26	-788.789	5221.2	0.814965
1813.64	-789.028	5225.78	0.814998
1818.73	-790.368	5223.96	0.81503
1817.8	-792.153	5214.82	0.815061
1812.95	-794.936	5203.47	0.81509
1805.55	-796.773	5187.58	0.815118
1794.44	-800.333	5171.78	0.815146
1783.09	-803.874	5161.26	0.815177
1771.01	-810.324	5155.03	0.815203
1760.79	-816.655	5151.08	0.815232
1756.26	-822.426	5151.88	0.815259
1759.89	-824.441	5157.26	0.815287
1763.83	-820.712	5163.36	0.815318
1765.97	-815.939	5170.56	0.815349
1770.71	-815.083	5176.6	0.815377
1773.81	-817.2	5180.71	0.815405
1774.2	-821.041	5185.15	0.815433
1769.77	-822.506	5187.61	0.815462
1763.09	-821.065	5190.9	0.815493
1758.33	-818.251	5194.28	0.815524
1752.85	-816.616	5198.86	0.815555
1747.13	-820.644	5206.97	0.815586
1743.18	-827.972	5211.93	0.815616
1739.29	-835.034	5211.56	0.815646
1738.61	-842.18	5209.02	0.815669
1736.91	-846.679	5205.41	0.815693
1735.76	-848.369	5203.95	0.815717
1729.33	-849.464	5203.34	0.815742
1718.08	-850.337	5200.7	0.815766
1702.3	-853.191	5195.78	0.815793
1688.91	-852.761	5191.48	0.815817
1683.44	-853.194	5197.15	0.81584
1686.85	-855.571	5216.83	0.815866
1697.17	-858.754	5242.35	0.815891
1713	-863.601	5273.2	0.815916
1732.18	-870.251	5313.25	0.815942
1756.74	-881.154	5368.53	0.815971
1783.51	-890.393	5422.14	0.816
1821.21	-896.103	5461.05	0.816028
1857.31	-898.059	5482.58	0.816056
1883.7	-896.766	5487.02	0.816084
1889.06	-895.042	5480.66	0.816112
1879.93	-887.457	5461.38	0.81614
1858.21	-879.174	5433.41	0.816167
1833.25	-870.756	5408.25	0.816197
1808.44	-865.75	5390.75	0.816226
1790.88	-863.807	5379.87	0.816256
1786.92	-862.171	5369.64	0.816286
1793.23	-860.05	5361.64	0.816315
1804.59	-855.893	5352.11	0.816342
1812.66	-850.792	5337.36	0.816369
1814.84	-843.889	5321.22	0.816397
1814.43	-838.084	5306.33	0.816424
1808.63	-836.678	5298.56	0.816451
1802.82	-838.581	5298.06	0.816479
1791.67	-837.992	5289.51	0.816504
1779.68	-833.816	5276.63	0.816527
1771.69	-828.33	5262.29	0.816551
1768.7	-823.83	5248.7	0.816574
1772.7	-822.451	5249.88	0.816601
1782.2	-824.608	5262.33	0.816627
1794.07	-829.207	5281.77	0.816651
1810.18	-835.583	5303.95	0.816673
1829.41	-840.477	5323.44	0.816695
1845.11	-841.62	5333.5	0.816716
1854.97	-839.724	5334.61	0.816738
1859.34	-835.372	5326.25	0.81676
1858.26	-828.337	5309.69	0.816781
1848.77	-822.539	5290.59	0.816801
1836.21	-817.628	5272.87	0.816823
1821.19	-814.18	5256.3	0.816846
1807.67	-814.888	5249.77	0.816871
1803.4	-814.249	5246.58	0.816897
1805.41	-817.677	5249.59	0.816923
1811.02	-821.508	5257.82	0.816951
1818.67	-821.749	5265.23	0.816977
1827.48	-820.595	5272.94	0.817003
1835.13	-817.938	5280.02	0.817031
1843.31	-818.277	5289.38	0.817057
1848.98	-824.45	5305.27	0.817085
1850.8	-835.838	5320.87	0.817114
1854.53	-848.249	5342.03	0.817142
1862.77	-859.967	5369.4	0.81717
1874.15	-869.055	5397.85	0.817198
1890.6	-875.799	5430.35	0.817227
1911.21	-879.423	5461.83	0.817255
1932.7	-885.218	5483.97	0.817286
1951.73	-887.45	5497.11	0.817316
1962.12	-892.344	5503.86	0.817346
1974.61	-904.31	5515.99	0.817371
1978.77	-915.641	5521.35	0.817392
1967.87	-922.872	5517.72	0.817418
1955.62	-916.055	5491.44	0.817439
1936.57	-900.632	5452.07	0.817467
1911.37	-884.096	5406.74	0.817493
1896.02	-875.206	5380.47	0.817517
1892.16	-874.104	5355.66	0.817535
1878.81	-888.39	5358.23	0.817551
1876.37	-912.289	5380.93	0.817565
1899.86	-928.234	5406.4	0.81758
1940.42	-927.704	5400.45	0.817592
1942.69	-926.522	5396.36	0.817606
1916.04	-930.612	5402.83	0.817622
1877.21	-934.923	5423.51	0.817642
1853.06	-933.44	5455.97	0.81767
1867.76	-939.207	5506.25	0.817693
1924.43	-952.634	5541.64	0.817709
1984.58	-950.976	5518.03	0.81773
2001.07	-939.869	5468.97	0.817752
1970.14	-921.569	5401.49	0.817775
1908.17	-898.497	5322.61	0.817799
1845.78	-875.399	5250.22	0.817827
1807	-873.713	5209.12	0.817846
1798.54	-891.272	5195.66	0.817863
1790.47	-917.096	5215.54	0.81788
1797	-937.766	5251.33	0.817898
1803.79	-949.807	5311.29	0.817913
1822.54	-953.322	5384.47	0.817927
1854.85	-945.286	5450.18	0.817942
1898.71	-933.457	5502.55	0.817961
1949.33	-936.096	5556.62	0.817979
1989.63	-951.521	5611.82	0.817996
2016.76	-968.57	5660.84	0.818015
2034.55	-968.96	5684.67	0.818041
2042.13	-954.811	5685.39	0.818066
2045.42	-932.512	5659.59	0.818092
2041.93	-910.01	5614.79	0.81812
2025.49	-894.258	5559.37	0.818147
1996.11	-886.487	5505.53	0.818176
1957.74	-884.15	5461.16	0.818204
1912.37	-888.654	5434.44	0.818234
1878.36	-895.936	5429.15	0.818263
1862.64	-904.459	5446.56	0.818293
1862.73	-911.929	5469.3	0.81832
1882.85	-915.274	5499.43	0.818349
1913.77	-917.919	5535.07	0.818379
1947.52	-922.063	5569.38	0.818406
1980.49	-926.577	5603.27	0.818435
2005.27	-930.694	5632.04	0.818467
2018.09	-934.152	5650.13	0.818497
2027.13	-936.021	5660.75	0.818527
2032.91	-935.943	5664.21	0.818556
2039.01	-942.195	5671.94	0.818585
2041.93	-957.901	5684.98	0.818611
2044.23	-970.555	5695.6	0.818638
2044.62	-979.657	5707.33	0.818664
2047.86	-981.719	5704.59	0.818687
2050.13	-977.871	5700.33	0.818713
2052.38	-974.451	5699.26	0.818738
2052.86	-972.893	5705.59	0.818764
2053.51	-976.492	5716.13	0.818787
2055.07	-987.532	5729.96	0.818807
2060.38	-996.668	5741.71	0.81883
2069.07	-1012.95	5751.93	0.818849
2076.16	-1031.11	5764.58	0.81887
2084.4	-1042	5777.11	0.818892
2091.88	-1052.66	5787.85	0.818907
2092.86	-1046.67	5790.29	0.818929
2090.18	-1036.95	5795.75	0.818952
2086.94	-1034.39	5805.25	0.818971
2085.19	-1041.3	5818.27	0.818988
2080.88	-1039.95	5824.73	0.819015
2083.77	-1050.6	5834.16	0.81903
2081.31	-1058.56	5832.74	0.819048
2076.32	-1059.62	5824.02	0.81907
2073.59	-1054.52	5818.59	0.819094
2072.9	-1049.88	5822.54	0.819118
2077.61	-1057.84	5834.48	0.819133
2083.5	-1063.21	5850.55	0.819156
2094.15	-1068.47	5872.2	0.819177
2105.04	-1073.16	5900.75	0.819198
2109.35	-1066.64	5919.56	0.819223
2102.26	-1052.46	5909.71	0.819245
2084.7	-1035.41	5869.49	0.819269
2060.34	-1020.66	5811.56	0.819293
2026.08	-1010.41	5741.08	0.819316
1986.84	-1005.63	5669.57	0.819338
1941.05	-1004.44	5606.93	0.81936
1898.03	-1004.4	5560.44	0.819383
1860.37	-1007.3	5526.76	0.819401
1831.77	-1011.17	5505.37	0.819419
1816.49	-1013.29	5494.75	0.819436
1812.45	-1016.99	5497.91	0.819455
1820.56	-1019.58	5507.26	0.819474
1834.47	-1021.62	5524.8	0.819494
1851.93	-1022.9	5544.04	0.819514
1874.53	-1025.38	5566.93	0.819534
1897.02	-1025.9	5585.35	0.819556
1916.07	-1023.35	5600.68	0.819577
1931.98	-1020.1	5611.45	0.819598
1941.11	-1018.5	5613.94	0.819621
1944.51	-1018.78	5612.06	0.819643
1946.86	-1018.95	5610.49	0.819667
1946.06	-1018.3	5606.83	0.81969
1941.64	-1017.86	5599.16	0.819713
1936.79	-1017.83	5587.06	0.819734
1932.23	-1019.57	5575.14	0.819754
1931.9	-1024.2	5574.92	0.819774
1933.02	-1029.04	5581.56	0.819794
1937.9	-1033.46	5590.45	0.819812
1946.33	-1034.28	5603.3	0.819834
1956.48	-1033.28	5617.24	0.819855
1966.84	-1032.08	5629.93	0.819876
1973.9	-1033.03	5634.08	0.819894
1978.85	-1030.92	5630.05	0.819915
1978.11	-1029.37	5621.42	0.819935
1970.88	-1026.1	5608.5	0.819956
1961.21	-1022.76	5591.22	0.819976
1947.38	-1019.84	5567.5	0.819995
1926.36	-1016.77	5544.44	0.820015
1902.37	-1011.73	5523.27	0.820033
1879.09	-1010.43	5512.31	0.820051
1861.05	-1012.77	5513.18	0.820068
1850.19	-1015.63	5523.86	0.820087
1847.24	-1019.87	5540.18	0.820105
1850.84	-1024.17	5558.86	0.820122
1858.2	-1027.68	5577.03	0.82014
1866.37	-1029.73	5587.45	0.820156
1869.83	-1031.13	5592.55	0.820172
1867.21	-1030.11	5593.37	0.820189
1857.92	-1029.65	5586.98	0.820204
1843.82	-1027.6	5576.34	0.82022
1826.99	-1024.61	5563.49	0.820236
1809.24	-1021.55	5550.3	0.820252
1793.62	-1019.59	5535.67	0.820267
1779.31	-1018.65	5521.79	0.820281
1765.31	-1017.05	5510.83	0.820298
1751.41	-1014.12	5503.9	0.820312
1738.33	-1011.43	5500.68	0.820327
1727	-1009.94	5500.55	0.820342
1719.77	-1010.38	5500.2	0.820356
1716	-1009.84	5503.03	0.820372
1716.37	-1010.54	5507.46	0.820387
1718.43	-1012.85	5514.68	0.820402
1721.01	-1014.93	5520.89	0.820417
1723.02	-1015.48	5523.18	0.820432
1723.21	-1013.99	5519.61	0.820446
1719.89	-1013.55	5513.39	0.82046
1714.25	-1010.67	5506.93	0.820473
1705.38	-1005.72	5496.17	0.820487
1695.04	-1002.16	5488.02	0.820501
1687.12	-1001.33	5485.77	0.820514
1684.38	-1003.46	5491.18	0.820528
1687.03	-1007.28	5502.05	0.820541
1691.45	-1011.48	5515.32	0.820555
1700.63	-1017.65	5533.48	0.820567
1713.32	-1025.07	5552.77	0.820581
1725.93	-1031.97	5572.52	0.820594
1736.29	-1037.39	5592.29	0.820607
1744.37	-1039.77	5607.35	0.820621
1749.44	-1040.25	5618.91	0.820634
1750.2	-1039.5	5625.94	0.820648
1749.17	-1042.33	5632.24	0.820661
1749.34	-1044.88	5633.17	0.820674
1744.36	-1050.58	5632.89	0.820685
1739.82	-1053.59	5630.86	0.820697
1735.22	-1054.4	5629.96	0.820709
1730.43	-1054.33	5632.19	0.820721
1729.67	-1057.14	5632.77	0.820732
1730.32	-1061.59	5634.53	0.820745
1725.45	-1067.84	5646.73	0.82076
1724.78	-1068.5	5657.7	0.820776
1727.71	-1060.36	5660.24	0.820794
1730.64	-1051.67	5656.2	0.820811
1728.65	-1045.74	5646.84	0.820829
1719.68	-1044.74	5633.74	0.820847
1702.88	-1044.53	5618.1	0.820864
1678.88	-1047.04	5601.31	0.820882
1653.46	-1049.36	5586.16	0.820899
1628.23	-1049.88	5569.26	0.820915
1605.04	-1046.14	5551.42	0.82093
1582.4	-1039.31	5535.06	0.820943
1562.45	-1032.58	5521.2	0.820957
1543.05	-1028.34	5510.48	0.82097
1526.03	-1027.28	5508.5	0.820985
1510.81	-1028.69	5508.48	0.820999
1499.2	-1034.35	5519.15	0.821015
1496.07	-1039.68	5538.06	0.82103
1498.76	-1045.85	5557.65	0.821045
1506.36	-1053.05	5577.29	0.821061
1518.04	-1058.83	5594.8	0.821077
1532.61	-1062.81	5610.81	0.821093
1544.86	-1064.11	5625.77	0.82111
1555.6	-1062.89	5635.75	0.821127
1562.04	-1059.91	5637.67	0.821144
1570.06	-1061.53	5644.88	0.82116
1579.21	-1065.28	5653.29	0.821176
1581.15	-1062.99	5649.53	0.821192
1579.99	-1055.33	5637.49	0.821209
1576.92	-1044.76	5625.82	0.821226
1573.57	-1038.89	5620.24	0.821242
1574.08	-1037.58	5623.65	0.82126
1580.18	-1037.39	5634.87	0.821279
1592.98	-1039.48	5658.44	0.8213
1612.49	-1039.55	5689.97	0.821323
1635.51	-1037.24	5718.95	0.821344
1656.1	-1037.37	5743.18	0.821366
1670.43	-1037.32	5763.31	0.821387
1681.35	-1038.23	5775.44	0.821408
1691.44	-1037.7	5780.68	0.82143
1697.14	-1037.03	5776.67	0.82145
1695.38	-1035.17	5768.4	0.82147
1684.54	-1027.69	5746.55	0.82149
1666.62	-1019.31	5726.14	0.821512
1650.25	-1011.03	5704.9	0.821534
1635.51	-1005.89	5682.41	0.821555
1621.3	-1004.85	5664.02	0.821576
1609.34	-1007.88	5650.93	0.821598
1599.22	-1013.23	5646.46	0.82162
1593.2	-1018.32	5649.79	0.82164
1598.77	-1019.65	5654.51	0.82166
1613.16	-1018.56	5659.61	0.821677
1630.09	-1017.55	5661.44	0.821693
1643.96	-1018.27	5663.02	0.821708
1649.54	-1019.45	5662.46	0.821724
1647.88	-1023.46	5664.26	0.821739
1642.86	-1028.96	5667.44	0.821752
1638.35	-1033.16	5671.7	0.821765
1635.16	-1035.95	5678.63	0.821778
1635.24	-1036.89	5686.71	0.821792
1637.27	-1037.53	5696.77	0.821805
1638.58	-1038.23	5707.01	0.821818
1639.42	-1037.99	5713.83	0.821831
1641.03	-1037.13	5717	0.821844
1643.09	-1037.87	5721.29	0.821857
1645.36	-1038.12	5726.63	0.821869
1644.88	-1038.29	5731.84	0.821881
1644.93	-1039.37	5743.76	0.821892
1650.11	-1042.71	5764.5	0.821902
1660.14	-1050.34	5793.99	0.821912
1675.2	-1060.59	5826.93	0.82192
1696.7	-1068.47	5864.9	0.821932
1722.32	-1074.28	5909.61	0.821947
1751.5	-1079.23	5951.76	0.821959
1778.76	-1083.82	5988.52	0.821972
1800.95	-1086.69	6013.88	0.821987
1818.7	-1085.32	6025.35	0.822003
1826.64	-1084.27	6022.44	0.82202
1823.29	-1084.91	6010.04	0.822037
1812.42	-1083.9	5987.45	0.822055
1798.2	-1079.99	5957.85	0.822075
1784.86	-1072.84	5922.26	0.822095
1771.52	-1063.97	5883.6	0.822115
1753.96	-1055.11	5843.89	0.822135
1727.96	-1048.94	5804.53	0.822154
1694.13	-1043.22	5768.31	0.822172
1662.49	-1038.11	5738.45	0.82219
1634.79	-1031.71	5718.17	0.822208
1613.74	-1026.06	5710.76	0.822225
1599.96	-1020.71	5714.79	0.822242
1593.44	-1017	5727.12	0.82226
1596.03	-1013.65	5745.07	0.822278
1608.36	-1010.45	5762.98	0.822298
1623.57	-1007.2	5781.2	0.822317
1636.75	-1002.26	5795.69	0.822339
1646.14	-995.42	5806.13	0.822361
1649.59	-987.941	5814.9	0.822382
1649.33	-979.843	5821.81	0.822404
1647.82	-971.262	5826.76	0.822425
1646.68	-962.466	5829.92	0.822447
1646.45	-953.779	5831.67	0.822469
1646.87	-945.459	5832.6	0.82249
1650.57	-938.688	5832.48	0.82251
1652.96	-932.579	5835.78	0.822529
1653.83	-926.533	5842.13	0.822548
1652.8	-922.476	5852.28	0.822566
1653.99	-919.159	5867.06	0.822584
1658.34	-914.928	5884.55	0.822601
1664.16	-908.248	5900.63	0.822619
1672.9	-900.476	5916.2	0.822636
1681.2	-892.787	5927.21	0.822655
1686.6	-887.587	5935.6	0.822673
1689.6	-884.339	5941.29	0.822691
1690.98	-881.971	5944.66	0.822709
1691.48	-880.893	5945.68	0.822726
1689.74	-879.077	5948.11	0.822744
1685.98	-875.125	5949.33	0.822762
1682.52	-871.076	5949.15	0.822781
1680.47	-868.347	5947.75	0.822799
1679.7	-865.929	5946.02	0.822819
1679.66	-864.595	5944.14	0.822839
1676.55	-862.943	5942.15	0.822858
1672.25	-861.63	5940.51	0.822876
1668.33	-859.482	5939.95	0.822896
1664.57	-855.412	5938.1	0.822917
1660.53	-849.309	5933.11	0.822939
1654.81	-844.59	5928.23	0.822962
1649.08	-842.449	5924.44	0.822984
1641.5	-839.558	5921.95	0.823006
1634.74	-834.304	5921.98	0.823029
1629.6	-827.619	5921.97	0.823052
1625.05	-821.614	5924.41	0.823074
1622.84	-818.582	5928.97	0.823097
1621.81	-819.366	5936.75	0.823119
1623.56	-822.689	5946.51	0.823141
1624.38	-824.575	5953.47	0.823162
1625.63	-824.803	5957.74	0.823183
1627.36	-822.277	5959.72	0.823203
1626.94	-817.931	5961.88	0.823221
1622.4	-812.629	5963.84	0.823239
1617.04	-807.142	5966.08	0.823255
1610.39	-803.589	5967.91	0.823271
1603.87	-803.172	5971.47	0.823287
1598.93	-807.178	5977.89	0.823304
1596.87	-812.016	5983.83	0.823321
1595.45	-815.782	5988.96	0.823338
1594.22	-818.339	5995.36	0.823356
1593.02	-820.186	6004.39	0.823373
1592.24	-821.975	6016.69	0.82339
1594.15	-823.136	6029.94	0.823407
1599.32	-823.512	6042.23	0.823424
1604.99	-821.121	6050.98	0.823442
1608.86	-818.818	6057.92	0.823461
1611.36	-817.236	6062.29	0.823479
1611.42	-817.723	6066.5	0.823497
1608.79	-816.955	6068.88	0.823516
1607.61	-816.117	6070.95	0.823536
1606.44	-814.022	6076.51	0.823555
1604.72	-810.855	6081.41	0.823575
1602.56	-807.715	6087.65	0.823593
1600.19	-803.96	6097.52	0.823611
1603.35	-820.303	6094.31	0.823614
1603.93	-854.523	6092.6	0.823621
1600.97	-887.511	6095.59	0.823628
1597.28	-906.508	6105.27	0.823637
1594.25	-909.376	6121.92	0.823645
1593.45	-898.566	6138.93	0.823653
1598.56	-883.771	6154.75	0.823659
1606.04	-865.173	6166.33	0.82367
1615.24	-847.285	6175.86	0.823685
1625.09	-827.808	6176.7	0.823699
1634.5	-808.015	6171.4	0.823714
1635.39	-823.811	6165.85	0.823721
1629.7	-849.695	6163.94	0.823733
1626.36	-862.362	6167.03	0.823745
1629.57	-854.768	6170.79	0.823757
1637.4	-830.448	6172.63	0.823769
1642.64	-803.569	6173.74	0.823782
1645.7	-783.052	6172.44	0.823797
1650.62	-772.111	6168.78	0.823812
1656.05	-767.143	6161.18	0.823828
1661.35	-765.666	6151.4	0.823845
1663.58	-763.693	6143.03	0.823864
1661.03	-762.028	6144.35	0.823884
1660.49	-761.329	6158.38	0.823905
1664.46	-761.425	6173.8	0.823927
1672.55	-762.396	6196.35	0.823949
1684.7	-763.076	6222.13	0.823973
1699.99	-764.116	6247.32	0.823997
1721.67	-768.276	6282.65	0.82402
1746.57	-772.74	6314	0.824043
1770.48	-776.031	6338.2	0.824067
1790.1	-774.151	6341.63	0.82409
1799.26	-769.361	6332.56	0.824113
1800.17	-765.371	6322.16	0.824136
1791.42	-760.24	6302.12	0.824159
1777.49	-751.341	6275.42	0.824183
1766.09	-750.033	6258.87	0.824206
1745.37	-750.171	6238.54	0.824229
1728.79	-754.007	6232.04	0.824254
1715.1	-755.034	6225.66	0.824279
1710.33	-751.898	6219.84	0.824305
1713.54	-748.269	6216.79	0.824331
1724.73	-745.418	6218.96	0.824355
1730.24	-744.988	6221.58	0.824381
1734.01	-746.748	6229.41	0.824408
1738.24	-750.366	6242.72	0.824435
1743.18	-753.99	6259.3	0.824462
1746.09	-756.64	6277.48	0.824489
1752.77	-756.794	6293.68	0.824516
1749.4	-750.723	6297.36	0.824543
1753.34	-745.867	6300.58	0.824571
1762.32	-742.59	6300.95	0.824598
1765.77	-739.143	6293.85	0.824626
1765.55	-737.678	6283.35	0.824654
1769.39	-745.7	6283.79	0.824683
1766.63	-753.749	6286.35	0.824712
1769.53	-761.425	6297.29	0.824741
1764.57	-761.713	6302.73	0.824771
1766.07	-761.477	6314.34	0.8248
1767.95	-758.425	6322.22	0.824829
1782.02	-759.395	6339.15	0.824857
1787.33	-759.909	6346.86	0.824885
1794.17	-764.178	6360.09	0.824913
1796.59	-764.335	6360.5	0.824941
1797.68	-762.902	6361.47	0.824969
1798.94	-761.921	6365.7	0.824998
1798.9	-758.792	6361.23	0.825027
1800.75	-757.287	6359.3	0.825056
1798.36	-756.297	6354.94	0.825084
1796.49	-756.177	6350.8	0.825113
1791.63	-756.228	6345.96	0.825142
1792.02	-757.029	6344.36	0.825171
1786.23	-755.41	6332.52	0.8252
1781.77	-752.439	6325.57	0.82523
1779.04	-748.904	6326.6	0.825261
1775.99	-745.416	6324.86	0.825292
1775.87	-744.717	6330.85	0.825323
1776.46	-745.237	6333.08	0.825355
1780.31	-747.636	6341.07	0.825386
1783.95	-749.359	6343.41	0.825417
1790.23	-751.698	6352.51	0.825448
1794.93	-752.653	6356.99	0.825479
1798.68	-752.633	6360.2	0.82551
1800.97	-751.947	6362.03	0.825541
1801.54	-749.152	6355.02	0.825572
