1628.07	-992.252	6691.87	1.0002
1629.81	-993.706	6692.13	0.999902
1634.4	-999.586	6692.12	0.999301
1644	-1014.14	6691.41	0.998215
1659.6	-1041.36	6689.33	0.9967
1680.8	-1082.38	6686.04	0.994861
1704.83	-1135.21	6682.87	0.992572
1727.5	-1193.33	6682.02	0.990676
1742.59	-1242.06	6687.24	0.989503
1747.62	-1282.08	6696.8	0.98915
1744.48	-1306.13	6712.26	0.989124
1736.73	-1315.79	6730.43	0.989345
1730.16	-1313.68	6748.81	0.989457
1729.28	-1308.03	6763.12	0.989428
1735.01	-1302.21	6771.33	0.989331
1742.6	-1297.74	6773.16	0.989345
1750.97	-1295.86	6771.08	0.989345
1756.63	-1299.13	6762.8	0.989422
1759.09	-1303.14	6748.71	0.989475
1756.67	-1306.28	6731.44	0.989552
1748.97	-1307.6	6713.53	0.989641
1733.57	-1307.35	6694.23	0.989737
1716.53	-1304.29	6676.3	0.989774
1702.41	-1301.29	6666.26	0.989888
1696.8	-1298.33	6661.58	0.989923
1699.67	-1295.5	6659.46	0.989926
1709.93	-1292.5	6660.17	0.98995
1725.02	-1288.04	6663.93	0.989989
1744	-1283.1	6667.36	0.98998
1763.33	-1276.93	6670.78	0.989981
1782.11	-1270.79	6671.38	0.989945
1800.32	-1265.11	6670.04	0.989927
1817.96	-1261.27	6667.37	0.989926
1834.12	-1260.18	6661.26	0.9899
1850.44	-1260.48	6651.15	0.989866
1866.01	-1261.56	6639.17	0.989856
1878.91	-1260.84	6625.29	0.989839
1889.31	-1258.82	6611.6	0.989845
1898.41	-1254.68	6595.27	0.989826
1905.85	-1251.39	6575.52	0.989813
1910.41	-1247.74	6558.34	0.989837
1913.05	-1245.08	6542.66	0.989857
1914.06	-1242.17	6525.62	0.989861
1914.94	-1238.85	6507.32	0.989867
1916.48	-1233.93	6488.37	0.989875
1917.5	-1227.77	6471.31	0.989889
1919.1	-1221.48	6455.52	0.989903
1920.54	-1215.48	6442.86	0.98992
1923.19	-1209.38	6432.47	0.989936
1927.45	-1202.12	6428.44	0.989952
1934.8	-1195.41	6427.85	0.989966
1945.78	-1188.02	6428.75	0.989978
1958.5	-1178.8	6431.73	0.989989
1973.18	-1170.12	6433.72	0.99
1989.22	-1162.33	6432.8	0.990012
2004.13	-1157.24	6429.38	0.990023
2018.01	-1155.48	6417.21	0.99004
2029.01	-1157.04	6401.52	0.990055
2036.1	-1162.28	6386.79	0.990059
2038.34	-1162.67	6372.23	0.990069
2039.23	-1161.54	6358.89	0.990077
2039.05	-1158.38	6348.53	0.990083
2038.44	-1151.17	6342.94	0.990091
2039.92	-1141.53	6344.68	0.990092
2049.93	-1137.52	6343.58	0.990112
2065.36	-1136.42	6341.16	0.990134
2083.27	-1136.26	6340.95	0.990151
2102.81	-1137	6342.81	0.990168
2120.9	-1143.24	6349.3	0.990189
2137.7	-1141.99	6362.97	0.9902
2154.14	-1133.35	6384.15	0.990208
2174.07	-1123.22	6408.48	0.990215
2198.7	-1118.06	6433.83	0.990223
2231.89	-1131.08	6450.83	0.990247
2268.68	-1153.71	6462.64	0.990268
2302.86	-1174.98	6466.05	0.990293
2330.47	-1193.68	6463.81	0.990314
2349.05	-1202.37	6456.47	0.99034
2356.94	-1198.9	6446.56	0.990363
2353.29	-1179.65	6428.13	0.990391
2341.38	-1157.18	6407.3	0.990416
2322.96	-1136.88	6386.46	0.990442
2306	-1130.9	6374.93	0.990462
2295.4	-1134.5	6369.04	0.990484
2292.49	-1146.16	6370.77	0.990504
2297.1	-1155.58	6378.71	0.990528
2306.15	-1160.46	6388.78	0.990551
2315.25	-1157.19	6395.74	0.990579
2322.44	-1148.03	6403.95	0.990605
2328.96	-1136.39	6409.72	0.990631
2331.43	-1123.74	6412.9	0.990654
2329.72	-1112.92	6410.96	0.990677
2323.59	-1105.71	6407.18	0.990702
2316.6	-1105.95	6403.75	0.990724
2312.52	-1117.94	6408.86	0.990743
2329.05	-1139.44	6418.9	0.990761
2350.65	-1164.09	6443.52	0.990778
2372.83	-1186.14	6480.21	0.990792
2393.18	-1201.34	6523.23	0.990805
2421.16	-1207.97	6555.94	0.990822
2449.11	-1208.55	6577.83	0.99084
2471.61	-1202.95	6590.89	0.990857
2486.67	-1197.57	6593.57	0.990876
2490.47	-1190.83	6583.09	0.990899
2480.83	-1184.26	6562.38	0.990921
2460.78	-1181.2	6534.62	0.990947
2431.95	-1180.53	6499.39	0.990975
2396.97	-1174.49	6461.93	0.990998
2358.4	-1166.7	6426.14	0.99102
2320.64	-1158.5	6393.46	0.991042
2285.83	-1151.9	6366.81	0.991065
2255.98	-1150.37	6347.23	0.991087
2232.03	-1151.78	6336.15	0.991111
2211.9	-1152.8	6333.94	0.991132
2198.84	-1154.99	6336.4	0.991155
2192.25	-1160.25	6346.24	0.991178
2189.12	-1164.07	6357.08	0.991199
2187.11	-1164.45	6370.23	0.991217
2185.06	-1165.41	6384.82	0.991238
2184.48	-1171.18	6404.58	0.991259
2182.36	-1177.46	6424.6	0.991282
2180.23	-1184.13	6447.03	0.991299
2179.24	-1192.29	6465.77	0.991317
2180	-1199.45	6479.67	0.991338
2177.92	-1204.75	6489.92	0.991354
2170.09	-1206.52	6493.66	0.99137
2158.4	-1204.96	6491.52	0.991388
2139.43	-1201.07	6484.15	0.991404
2114.43	-1197.29	6472.52	0.991419
2083.71	-1190	6457.34	0.99143
2052.31	-1193.82	6438.83	0.991453
2021.47	-1205.47	6419.66	0.991475
1990.96	-1212.5	6405	0.991495
1961.64	-1211.87	6396.38	0.991505
1936.34	-1205.04	6391.22	0.991517
1917.71	-1196.62	6388.62	0.991528
1905.07	-1188.57	6385.75	0.991539
1896.43	-1183.28	6379.95	0.991549
1888.38	-1181.99	6374.19	0.99156
1879.81	-1185.05	6368.69	0.991568
1870.25	-1192.65	6363.38	0.99158
1858.14	-1198.45	6357.7	0.991586
1846.67	-1201.21	6352.65	0.991597
1833.21	-1200.95	6348.38	0.991609
1818.01	-1198.84	6342.46	0.991621
1801.77	-1190.08	6337.64	0.991635
1785.11	-1179.11	6331.07	0.99165
1767.99	-1166.27	6321.89	0.991662
1750.53	-1155.66	6308.44	0.991673
1729.85	-1144.73	6286.8	0.99168
1705.17	-1136.73	6255.33	0.991684
1675.68	-1129.63	6222.52	0.991691
1642.26	-1120.49	6191.29	0.991703
1608.15	-1110.88	6165.16	0.991715
1574.6	-1109.09	6136.69	0.991719
1541.99	-1104.74	6115.12	0.991726
1512.3	-1096.7	6100.16	0.991735
1486.28	-1090.44	6091.04	0.991741
1464.26	-1084.66	6083.6	0.991749
1445.2	-1078.51	6078.79	0.991759
1429.1	-1077.87	6070.17	0.991768
1414.87	-1078.22	6058.15	0.991775
1399.59	-1078.96	6044.61	0.991781
1382.32	-1076.6	6030.05	0.991795
1361.85	-1073.55	6015.66	0.991803
1338.31	-1068.12	5999.08	0.991809
1312.77	-1062.91	5977.45	0.991818
1283.63	-1056.31	5957.19	0.991824
1250.04	-1048.1	5940.76	0.991831
1214.64	-1030.96	5932.52	0.991851
1181.41	-1022.89	5922.54	0.991856
1151.69	-1018.24	5911.7	0.991864
1123.18	-1017.9	5903.12	0.991869
1096.23	-1014.51	5897.19	0.991873
1072.34	-1007.64	5894.53	0.991871
1053.5	-1001.66	5884.65	0.991878
1034.69	-991.129	5871.75	0.991876
1013.2	-985.45	5855.24	0.991879
989.34	-985.663	5837.33	0.99188
961.163	-987.667	5821.24	0.991884
930.326	-989.558	5806.61	0.991888
900.816	-993.616	5789.5	0.991886
871.985	-999.989	5771.8	0.991885
844.311	-1006.39	5753.63	0.991885
819.825	-1009.01	5736	0.991883
798.592	-1009.86	5715.74	0.99188
779.242	-1005.34	5699.38	0.99188
762.394	-993.608	5685.01	0.991878
748.289	-982.144	5672.67	0.991877
735.121	-971.263	5661.75	0.991875
722.634	-962.771	5653.34	0.991877
709.802	-956.655	5646.06	0.991879
698.325	-951.115	5639.27	0.991877
687.775	-945.383	5634.24	0.991878
678.095	-937.635	5627.74	0.991879
669.807	-927.715	5619.27	0.99188
661.54	-914.378	5606.88	0.99188
653.062	-900.443	5590.72	0.991881
644.885	-885.322	5570.33	0.991877
634.87	-872.13	5544.6	0.991874
623.697	-862.512	5513.78	0.991874
610.32	-857.368	5480.94	0.991873
595.693	-855.471	5447.22	0.991873
579.358	-854.705	5416.05	0.991871
562.375	-850.89	5392.99	0.991872
547.611	-847.036	5375	0.991878
533.963	-841.374	5364.49	0.99188
523.839	-832.894	5358.11	0.991883
517.126	-822.28	5354.24	0.991885
512.927	-809.545	5351.52	0.991889
512.09	-801.803	5344.29	0.991895
510.226	-794.602	5335.91	0.9919
506.799	-786.782	5328.64	0.991907
501.423	-780.202	5321.02	0.991908
495.095	-774.355	5314.78	0.991911
491.141	-768.722	5311.33	0.991918
490.265	-763.626	5313.13	0.991921
488.165	-757.902	5310.63	0.991925
485.534	-753.229	5304.83	0.991931
481.456	-747.86	5295.8	0.991935
477.317	-743.134	5287.67	0.99194
472.3	-738.644	5279.65	0.991944
467.057	-734.656	5273.16	0.991949
462.285	-731.258	5269.1	0.991955
458.623	-728.36	5267.87	0.99196
459.338	-727.743	5275.42	0.991967
463.603	-728.177	5289.26	0.991972
467.866	-727.368	5300.13	0.991977
471.359	-726.06	5304.62	0.99198
476.745	-723.118	5306.1	0.991984
479.748	-718.761	5304.86	0.991986
480.851	-714.21	5303.75	0.991989
480.839	-709.477	5305.43	0.99199
480.842	-707.792	5304.06	0.991992
484.784	-710.257	5315.42	0.991996
490.107	-713.699	5327.36	0.992001
494.628	-717.489	5333.48	0.992003
502.416	-720.419	5345.25	0.992006
508.842	-721.064	5353.51	0.992011
512.487	-719.04	5355.67	0.992013
518.528	-718.459	5358.27	0.992017
522.888	-717.776	5356.8	0.99202
524.516	-716.07	5352.52	0.992022
521.04	-714.07	5346.33	0.992025
513.313	-711.714	5337.46	0.99203
502.891	-709.054	5325.69	0.992035
491.844	-714.768	5312.73	0.99205
483.191	-722.077	5300.18	0.992065
476.084	-729.196	5292.03	0.99208
468.659	-731.282	5289.77	0.992088
463.339	-733.49	5291.15	0.992102
462.568	-735.597	5293.21	0.992117
464.448	-739.762	5296.69	0.992136
468.167	-745.25	5300.68	0.992155
483.567	-739.22	5307.22	0.992158
503.358	-727.936	5313.58	0.992164
521.03	-716.232	5318.03	0.99217
532.568	-708.588	5319.34	0.992178
529.09	-709.974	5328.71	0.992183
515.436	-717.171	5339.47	0.992187
499.437	-728.643	5347.55	0.992189
489.61	-741.936	5356.77	0.99219
488.023	-754.736	5359.01	0.992193
493.13	-763.266	5355.68	0.992194
501.368	-768.235	5347.66	0.992195
508.813	-772.27	5335.86	0.992197
511.176	-773.801	5320.73	0.992196
505.559	-771.746	5301.02	0.992198
497.033	-770.388	5281.91	0.9922
484.384	-769.029	5266.35	0.992201
471.079	-771.328	5254.97	0.9922
460.04	-776.74	5248.63	0.992201
453.248	-783.992	5247.32	0.9922
451.648	-793.669	5249.55	0.9922
453.218	-803.054	5256.54	0.992201
456.801	-812.059	5263.55	0.992197
461.942	-813.726	5273.6	0.992204
465.732	-810.816	5283.83	0.992209
467.577	-803.777	5290.78	0.99221
467.127	-792.956	5292.37	0.992213
464.665	-783.725	5286.2	0.992214
458.769	-779.061	5273.9	0.992213
448.405	-776.773	5259.05	0.992213
433.38	-778.16	5241.6	0.992215
414.29	-783.382	5226.34	0.992215
394.396	-791.915	5214.81	0.992213
375.373	-798.716	5206.81	0.992212
357.529	-803.425	5202.5	0.99221
343.078	-804.347	5202.23	0.992206
330.93	-802.429	5204.89	0.992202
319.967	-799.109	5209.06	0.992199
308.307	-795.087	5211.41	0.992195
295.485	-790.585	5211.9	0.992189
280.203	-787.583	5212.23	0.992181
262.332	-783.736	5210.86	0.992173
243.417	-779.238	5208.37	0.992166
223.736	-777.147	5206.47	0.992158
202.509	-775.285	5205.72	0.992149
181.045	-775.736	5207.3	0.992142
160.663	-775.993	5208.84	0.992131
141.889	-777.599	5211.44	0.992121
124.604	-780.29	5216.27	0.992111
109.953	-784.958	5221.44	0.992102
96.7238	-787.911	5224.5	0.992093
83.4832	-791.326	5226.36	0.992082
70.2148	-794.961	5226.56	0.992072
56.7087	-794.219	5222.21	0.99206
42.3596	-790.375	5214.44	0.992047
28.1154	-786.667	5202.1	0.992034
13.7453	-781.295	5186.44	0.992018
-0.04637	-776.237	5170.17	0.992002
-13.1245	-771.909	5155.99	0.991988
-25.3069	-769.498	5145.44	0.991976
-37.997	-762.601	5139.37	0.991959
-49.8562	-752.386	5133.88	0.991946
-60.3999	-741.852	5129.43	0.991931
-69.4011	-730.893	5122.89	0.991916
-77.7305	-719.806	5116.15	0.991897
-85.7214	-709.591	5106.31	0.991882
-94.1593	-698.646	5092.25	0.99186
-103.516	-689.064	5072.68	0.991844
-114.419	-680.952	5047.9	0.991829
-127.403	-673.047	5019.42	0.991811
-142.2	-667.524	4988.04	0.991791
-157.612	-663.931	4957.8	0.991772
-173.665	-658.891	4930.49	0.991749
-188.453	-656.145	4907.25	0.991729
-201.099	-653.649	4889.85	0.991708
-211.935	-650.247	4876.37	0.991686
-221.596	-643.322	4865.22	0.991663
-229.558	-634.64	4855.81	0.99164
-236.943	-623.328	4846.12	0.99162
-244.488	-611.47	4833.77	0.991597
-254.49	-597.389	4820.53	0.991576
-266.459	-581.987	4805.39	0.991554
-279.7	-565.342	4788.24	0.991528
-293.851	-545.033	4770.29	0.991503
-310.086	-524.508	4750.92	0.991474
-326.227	-509.157	4729.25	0.991444
-342.259	-496.704	4704.79	0.991415
-357.078	-489.278	4678.32	0.991385
-370.433	-486.926	4651.09	0.991354
-383.279	-486.596	4629.1	0.991326
-394.337	-485.67	4610.08	0.991292
-401.951	-484.91	4592.87	0.991263
-406.232	-481.892	4577.17	0.991227
-408.991	-475.933	4560.1	0.991196
-410.306	-468.679	4543.27	0.991163
-411.027	-458.915	4528.89	0.99113
-411.148	-448.204	4513.56	0.991095
-408.487	-441.578	4493.75	0.991068
-403.113	-431.577	4473.19	0.991042
-398.46	-418.453	4450.89	0.99101
-396.234	-405.246	4431.8	0.990979
-394.401	-391.999	4416.26	0.990945
-391.488	-382.707	4400.5	0.990913
-386.165	-377.499	4384.35	0.990882
-380.116	-377.07	4367.15	0.990853
-373.883	-377.936	4347.79	0.990825
-369.141	-378.889	4327.11	0.990797
-367.648	-377.628	4304.54	0.990767
-363.037	-373.639	4272.48	0.990745
-361.01	-366.077	4236.44	0.990716
-363.029	-356.836	4201.38	0.990688
-377.907	-352.799	4178.49	0.990659
-398.314	-348.883	4170.24	0.990626
-417.053	-346.217	4169.57	0.990595
-430.576	-341.602	4172.36	0.990565
-436.97	-334.728	4175.92	0.990536
-438.237	-323.654	4176.61	0.990503
-437.473	-310.184	4171.31	0.990474
-437.96	-296.471	4158.73	0.990441
-442.173	-284.334	4139.48	0.990407
-446.99	-274.542	4112.3	0.990376
-452.93	-269.342	4080.88	0.99034
-461.708	-267.953	4051.66	0.990308
-476.048	-274.971	4032.76	0.990278
-492.008	-285.115	4025.29	0.990249
-505.224	-294.183	4027.21	0.99022
-511.086	-298.322	4035.12	0.990197
-509.613	-295.908	4046.52	0.990174
-502.594	-287.444	4054.73	0.990153
-491.064	-278.611	4053.93	0.990138
-479.305	-265.141	4048.21	0.990115
-471.112	-246.941	4035.52	0.99009
-467.887	-228.378	4020.38	0.990065
-470.855	-214.613	4006.36	0.990044
-477.615	-206.175	3995.21	0.990021
-484.792	-203.332	3987.38	0.989999
-490.699	-204.848	3984.26	0.989976
-493.229	-206.811	3984.75	0.989953
-492.744	-207.676	3988.3	0.989931
-492.949	-204.895	3982.92	0.989907
-494.89	-199.062	3970.04	0.989882
-499.247	-193.807	3951.76	0.989858
-505.33	-189.475	3930.1	0.989833
-512.485	-189.182	3910.23	0.989805
-518.379	-193.181	3900.12	0.989779
-524.195	-197.707	3897.01	0.98975
-524.655	-201.492	3900.53	0.989722
-519.357	-206.464	3911.27	0.989698
-512.641	-212.058	3924.58	0.989666
-503.935	-213.61	3934.3	0.989632
-495.133	-210.983	3940.86	0.989596
-488.466	-206.785	3942.86	0.989567
-485.377	-204.603	3943.49	0.989535
-484.612	-206.674	3944	0.989499
-483.785	-210.01	3945.01	0.989462
-482.163	-214.489	3947.77	0.989426
-479.358	-219.617	3952.89	0.989392
-475.28	-224.749	3960.32	0.989361
-470.497	-228.486	3964.23	0.989329
-466.286	-230.569	3964.29	0.9893
-463.709	-231.558	3960.98	0.989272
-462.906	-232.118	3951.86	0.989241
-462.628	-235.341	3943.02	0.989213
-458.539	-238.95	3931.75	0.989188
-452.493	-243.052	3920.97	0.989168
-448.408	-245.93	3913.3	0.989146
-446.984	-245.315	3908.78	0.989124
-450.378	-241.233	3907.95	0.989106
-454.691	-237.474	3907.78	0.989084
-456.599	-236.284	3911.46	0.989062
-456.135	-235.426	3917.95	0.989048
-454.54	-236.269	3926.39	0.989032
-450.856	-239.864	3935.68	0.989016
-443.232	-246.171	3954.13	0.989002
-434.853	-251.412	3977.83	0.98899
-426.603	-254.355	4003.91	0.988979
-420.459	-252.709	4026.5	0.988965
-421.042	-243.258	4029.52	0.988948
-428.116	-227.058	4011.39	0.988934
-440.978	-212.685	3982.75	0.988921
-456.792	-206.743	3958.6	0.988909
-466.869	-216.252	3956.54	0.988901
-472.635	-234.268	3970.9	0.988887
-469.447	-256.537	4009.34	0.988874
-459.516	-273.46	4059.13	0.988856
-441.363	-282.219	4116.23	0.988839
-410.161	-282.014	4173.03	0.988815
-374.8	-272.295	4218.1	0.988785
-343.198	-256.298	4240.57	0.988758
-322.485	-244.913	4239.24	0.988735
-328.464	-248.982	4236.74	0.988713
-352.721	-260.565	4235.44	0.988681
-384.385	-280.961	4243.34	0.98865
-410.86	-305.174	4262.76	0.98861
-427.416	-328.843	4294.5	0.988576
-428.488	-341.681	4333.68	0.98853
-413.774	-346.875	4371.59	0.988486
-388.384	-346.17	4402.15	0.988438
-361.512	-340.657	4418.42	0.988393
-337.988	-340.039	4420.86	0.988343
-323.912	-345.536	4414.44	0.988289
-326.473	-353.198	4404.07	0.988238
-346.231	-360.99	4392.31	0.988187
-370.25	-367.397	4382.41	0.988135
-396.567	-371.403	4379.62	0.988081
-413.385	-376.055	4378.52	0.988028
-424.562	-380.986	4382.15	0.987976
-433.169	-387.314	4393.5	0.987922
-438.261	-395.505	4411.79	0.987868
-446.244	-402.56	4439.5	0.987818
-450.779	-406.636	4465.8	0.987768
-455.179	-409.423	4488.7	0.987719
-460.95	-407.975	4503.12	0.987668
-467.646	-403.758	4509.57	0.987617
-473.65	-396.852	4500.87	0.987568
-480.624	-390.172	4479.05	0.987521
-495.088	-390.776	4458.27	0.98747
-509.278	-400.397	4431.58	0.987424
-526.199	-420.576	4407.32	0.987388
-544.129	-443.947	4392.09	0.98735
-562.234	-464.069	4391.24	0.987312
-578.944	-477.329	4405.77	0.987274
-591.252	-484.235	4430.84	0.987237
-595.186	-488.174	4456.28	0.987205
-593.186	-486.876	4485.41	0.987173
-590.781	-481.507	4513.56	0.987139
-591.242	-478.521	4535.56	0.987102
-592.195	-477.414	4552.59	0.987068
-593.825	-480.325	4565.38	0.987033
-594.55	-486.687	4576.02	0.986997
-593.768	-495.246	4586.67	0.986963
-592.562	-506.157	4600.39	0.986928
-589.468	-516.662	4616.21	0.986893
-584.173	-526.172	4636.37	0.986855
-577.086	-532.724	4662.44	0.98682
-569.134	-537.982	4691.65	0.986785
-560.23	-543.013	4723.54	0.986748
-549.297	-550.818	4748.72	0.986712
-537.855	-558.369	4770.35	0.986674
-527.067	-567.606	4790.14	0.986641
-517.714	-578.586	4810.31	0.986606
-510.311	-589.98	4826.93	0.986572
-504.381	-601.648	4843.24	0.986541
-500.909	-612.244	4858.14	0.986508
-497.823	-622.214	4870.77	0.986472
-496.019	-629.072	4881.61	0.986437
-494.309	-632.418	4895.24	0.986404
-494.303	-637.294	4911.06	0.986374
-494.069	-643.613	4925.71	0.986341
-493.954	-647.463	4939.76	0.986308
-495.004	-652.399	4953.69	0.986277
-495.249	-658.378	4964.89	0.986243
-497.685	-663.997	4977.98	0.98621
-498.186	-671.942	4997.58	0.986181
-498.419	-681.605	5016.68	0.986144
-500.831	-687.111	5035.39	0.986112
-505.88	-689.475	5052.32	0.986081
-513.759	-689.533	5070.88	0.986049
-521.677	-694.995	5083.29	0.986021
-531.821	-700.874	5097.68	0.985986
-543.148	-709.152	5110.18	0.985948
-554.975	-721.658	5121.8	0.985911
-566.519	-735.111	5137	0.985879
-575.938	-751.844	5152.97	0.985842
-582.649	-766.154	5171.87	0.985809
-586.539	-776.872	5194.03	0.985778
-587.008	-783.591	5217.29	0.985749
-584.711	-786.135	5239.92	0.98572
-582.975	-787.485	5259.65	0.985688
-581.929	-791.007	5274.88	0.985658
-580.897	-796.141	5288.25	0.985627
-579.391	-804.182	5301.48	0.985594
-577.371	-811.252	5317.67	0.985564
-574.716	-820.028	5336.82	0.985533
-570.164	-828.304	5358.06	0.985504
-564.624	-833.136	5382.8	0.985476
-558.963	-835.453	5410.68	0.985448
-551.495	-836.801	5441.15	0.98542
-543.601	-837.298	5473.59	0.985391
-536.009	-841.363	5505.73	0.985363
-525.031	-849.302	5530.93	0.985337
-510.857	-861.976	5550.39	0.985313
-496.07	-874.932	5565.04	0.985289
-485.488	-883.918	5576.1	0.985263
-479.055	-890.242	5584.14	0.985238
-475.698	-895.589	5590.14	0.985215
-473.862	-901.442	5595.25	0.985189
-476.008	-907.478	5602.72	0.985161
-476.228	-915.638	5606.35	0.985137
-478.053	-922.298	5610.89	0.985111
-481.616	-926.699	5617.63	0.985081
-483.84	-929.766	5627.32	0.985056
-485.389	-930.784	5640.34	0.985032
-486.39	-930.911	5656.16	0.985005
-489.472	-930.551	5667.42	0.984978
-492.355	-936.542	5680.24	0.984947
-493.859	-944.306	5693.35	0.984918
-496.785	-952.046	5706.94	0.984889
-502.463	-955.94	5717.55	0.984861
-509.702	-959.019	5723.31	0.984838
-516.75	-957.571	5722.99	0.984815
-523.907	-952.99	5717.47	0.984791
-529.351	-948.322	5707.77	0.984767
-533.828	-944.251	5698.08	0.98474
-536.898	-942.832	5689.16	0.984716
-538.503	-944.801	5681.7	0.984692
-540.006	-949.212	5678.66	0.984666
-540.976	-955.394	5679.39	0.984638
-541.037	-962.347	5682.94	0.984612
-540.061	-969.096	5688.17	0.984587
-539.381	-974.437	5696.41	0.984562
-537.539	-977.932	5703.66	0.984539
-536.207	-978.624	5711.68	0.984511
-534.252	-974.408	5717.92	0.984484
-533.433	-970.546	5722.76	0.984459
-534.373	-968.354	5723.16	0.984435
-535.804	-969.95	5718.96	0.984415
-538.758	-972.297	5714.6	0.984392
-542.211	-974.433	5710.86	0.984368
-545.558	-974.657	5708.7	0.984343
-548.947	-975.313	5709.48	0.984317
-551.084	-977.071	5712.24	0.984293
-549.703	-980.229	5720.9	0.984268
-545.493	-984.931	5732.84	0.984242
-541.691	-987.217	5744.51	0.984216
-538.442	-989.753	5757.81	0.984191
-535.358	-992.872	5770.36	0.984168
-530.749	-994.207	5781.86	0.984144
-524.62	-994.679	5792.98	0.984119
-517.753	-994.233	5804.59	0.984094
-509.528	-994.68	5812.24	0.984071
-500.205	-994.561	5816.22	0.984046
-490.965	-994.45	5820.98	0.984023
-480.358	-993.773	5824.12	0.984001
-467.866	-992.227	5823.68	0.983978
-454.581	-992.245	5821.92	0.983956
-440.742	-990.35	5818.13	0.983935
-427.367	-988.959	5810.4	0.983913
-413.86	-987.208	5801	0.983893
-399.799	-983.434	5792.25	0.983875
-392.034	-983.75	5787.7	0.983858
-383.827	-982.401	5791.43	0.98384
-374.501	-981.38	5799.17	0.983823
-359.885	-982.317	5809.23	0.983807
-338.777	-982.925	5818.29	0.98379
-315.943	-986.181	5827.12	0.983779
-289.736	-985.984	5831.5	0.983764
-262.513	-978.884	5830.76	0.983748
-241.007	-970.837	5826.24	0.983734
-226.781	-966.503	5821.4	0.983722
-217.221	-968.641	5820.75	0.983711
-208.323	-970.383	5821.9	0.983696
-198.966	-977.386	5827.68	0.983687
-186.835	-982.39	5834.84	0.983674
-172.957	-984.103	5844.81	0.983664
-155.861	-984.127	5855.69	0.983654
-137.506	-985.498	5866	0.983643
-120.597	-988.793	5874.93	0.983633
-105.411	-991.14	5882.24	0.983621
-90.5268	-994.81	5888.72	0.983609
-76.1757	-997.028	5894.5	0.983595
-61.0941	-998.45	5903.27	0.983585
-45.0731	-1002.83	5911.99	0.98357
-28.0851	-1006.51	5923.32	0.983558
-10.1461	-1011.95	5936.57	0.983543
6.20252	-1016.39	5946.2	0.983529
23.0948	-1018.65	5959.51	0.983517
41.6165	-1021.13	5973.09	0.983505
59.1967	-1027.55	5982.87	0.983491
78.1562	-1036.13	5991.67	0.983479
95.5265	-1046.77	5997.59	0.983469
110.952	-1059.96	6001.85	0.98346
125.762	-1078.14	6007.51	0.983448
143.789	-1096.35	6020.88	0.983438
165.319	-1113.94	6043.38	0.98343
191.477	-1126.49	6072.18	0.983422
218.954	-1132.61	6104.12	0.983413
243.923	-1134.25	6134.89	0.983407
267.72	-1130.6	6162.1	0.983401
290.616	-1125.81	6184.69	0.983395
312.101	-1120.38	6198.23	0.983389
333.087	-1117.63	6204.97	0.983382
353.511	-1120.09	6204.6	0.983376
375.195	-1125.16	6197.68	0.98337
398.18	-1126.74	6188.49	0.983368
419.418	-1124.49	6180.35	0.983364
439.542	-1120.26	6174.36	0.983363
456.92	-1114.92	6170.62	0.983361
477.326	-1109.54	6171.52	0.983358
499.6	-1106.67	6175.81	0.983356
522.769	-1111.35	6186.26	0.983356
550.454	-1119.78	6199.63	0.983355
578.626	-1133.89	6214.7	0.983354
606.908	-1150.33	6226.88	0.983353
633.69	-1166.11	6245.4	0.983353
663.511	-1174.13	6263.05	0.983353
692.57	-1181.44	6282.36	0.983353
720.617	-1185.17	6298.96	0.983352
750.147	-1186.28	6311.83	0.983352
779.893	-1186.51	6322.83	0.983353
805.916	-1187.06	6329.84	0.983353
827.483	-1189.78	6337.32	0.983354
848.14	-1189.94	6344.47	0.983356
866.683	-1190.45	6352.93	0.983356
882.801	-1190.79	6359.59	0.983356
898.862	-1193.52	6367.52	0.983358
920.323	-1197.7	6379.37	0.98336
947.414	-1199.1	6392.33	0.983363
976.903	-1202.14	6414.23	0.983367
1006.67	-1207.21	6438.84	0.98337
1035.25	-1216.84	6466.88	0.98337
1060.9	-1232.03	6496.16	0.983371
1090.29	-1251.73	6526.31	0.983372
1123.19	-1271.76	6554.95	0.983372
1161.7	-1286.83	6581.13	0.983372
1200.93	-1294.43	6604.68	0.983372
1237.51	-1297.83	6624.83	0.983373
1266.86	-1297.16	6637.72	0.983374
1289.83	-1297.56	6645.4	0.983373
1309.87	-1297.77	6645.75	0.983372
1326.68	-1299.08	6642.17	0.983371
1340.4	-1303.47	6637.18	0.983369
1350.55	-1303.89	6633.95	0.983371
1364.02	-1301.96	6632.4	0.983369
1380.79	-1297.72	6633.14	0.983368
1400.23	-1292.06	6635.69	0.983366
1421.48	-1286.13	6639.12	0.983366
1446.75	-1281.86	6639.8	0.983364
1470.2	-1281.23	6638.32	0.983363
1493.28	-1285.13	6629.34	0.983359
1510.84	-1290.2	6615.49	0.983358
1523.6	-1298.31	6598.39	0.983356
1529.24	-1304.56	6579	0.983354
1529.79	-1306.41	6562.14	0.983352
1526.25	-1302.52	6550.23	0.983353
1526.11	-1297.46	6543.73	0.983355
1531.85	-1295.92	6545.33	0.983356
1546.02	-1300.28	6551.62	0.983358
1565.92	-1308.5	6562.26	0.983364
1588.12	-1316.99	6573.81	0.983369
1609.84	-1324.68	6583.72	0.983375
1629.03	-1327.42	6590.56	0.983382
1647.11	-1331.55	6594.86	0.983389
1661.13	-1335.55	6600.59	0.983397
1672.41	-1336.73	6607.12	0.983403
1686.84	-1335.74	6617.06	0.983409
1702.36	-1336.21	6629.13	0.983416
1719.73	-1338.79	6644.27	0.983424
1739.99	-1341.6	6662.59	0.98343
1759.44	-1344.6	6684.18	0.983437
1778.79	-1346.87	6706.26	0.983444
1796.88	-1345.96	6728.98	0.983449
1812.18	-1346.56	6748.43	0.983455
1827.11	-1347.43	6762.75	0.983463
1837.36	-1346.75	6774.63	0.983469
1844.05	-1350.72	6780.77	0.983476
1846.12	-1354.68	6783.88	0.983485
1844.96	-1355.45	6783.82	0.983494
1839.54	-1350.04	6779.55	0.983506
1829.16	-1340.21	6773.07	0.983519
1820.7	-1327.98	6766.15	0.983531
1813.86	-1317.61	6756.81	0.983543
1807.79	-1309.1	6749.91	0.983558
1802.29	-1299.96	6747.27	0.983573
1793.05	-1285.52	6753.3	0.983593
1785.11	-1267.16	6764.33	0.983612
1782.43	-1247.19	6776.64	0.983629
1786.06	-1228.29	6787.76	0.983648
1792.79	-1208.64	6800.81	0.983669
1800.85	-1195.55	6812.72	0.983689
1807.09	-1184.97	6827.41	0.983705
1811.31	-1175.27	6844.47	0.98372
1816.71	-1165.61	6865.32	0.983739
1823.19	-1153.46	6889.94	0.983759
1831.24	-1137.58	6916.67	0.98378
1841.19	-1118.08	6942.76	0.9838
1852.21	-1093.73	6968.04	0.983821
1863.49	-1069.3	6993.2	0.983842
1876.13	-1043.33	7015.05	0.983865
1886.1	-1019.72	7031.79	0.983887
1892.94	-999.118	7043.18	0.983909
1894.31	-982.622	7051.78	0.983934
1893.93	-971.755	7061.89	0.983959
1893.98	-965.452	7074.41	0.983985
1896.3	-961.5	7090.15	0.98401
1899.57	-959.926	7109.24	0.984037
1905.93	-959.081	7130.88	0.984064
1913.46	-956.587	7155.19	0.984092
1926.22	-948.3	7179.92	0.98412
1939.37	-934.242	7203.1	0.984149
1951.83	-917.971	7221.99	0.984181
1962.21	-902.634	7235.17	0.984214
1966.46	-888.327	7244.06	0.984251
1965.97	-874.672	7250.21	0.984291
1963.34	-859.856	7258.55	0.984333
1958.15	-844.962	7271.44	0.984378
1951.86	-847.398	7292.81	0.984428
1949.85	-861.241	7322.61	0.984478
1959.68	-874.475	7358.63	0.984526
1978.63	-962.505	7416	0.984536
2021.6	-1079.84	7471.2	0.984546
2080.1	-1161.53	7491.36	0.984557
2135.02	-1174.26	7460.96	0.984569
2158.02	-1121.27	7393.71	0.984586
2129.84	-1030.79	7319.47	0.984608
2059.23	-934.941	7263.69	0.984631
1976.85	-860.554	7244.32	0.984657
1917.86	-817.228	7258.1	0.984685
1897.46	-807.787	7297.89	0.984715
1916.4	-827.491	7349.31	0.984746
1958.95	-866.893	7398.54	0.984777
2006.4	-907.451	7439.47	0.98481
2043.39	-932.591	7471.86	0.984844
2066.1	-933.943	7499.68	0.984878
2075.92	-915.307	7523.25	0.98491
2077.89	-889.327	7542.69	0.984943
2078.3	-864.428	7554.06	0.984976
2080.17	-845.776	7555.55	0.98501
2081.36	-834.129	7552.54	0.985044
2079.2	-832.091	7542.56	0.985079
2074.59	-837.934	7527.42	0.985115
2067.84	-846.4	7511.8	0.985152
2059.74	-853.552	7499.38	0.985188
2051.68	-857.461	7491.78	0.985224
2045.3	-859.585	7487.03	0.985262
2041.31	-858.338	7486.67	0.9853
2039.79	-853.826	7490.3	0.98534
2040.55	-848.512	7494.58	0.98538
2042.97	-844.266	7497.32	0.985419
2044.63	-845.729	7498.25	0.985458
2047.01	-848.577	7497.62	0.985496
2048.94	-850.622	7499.09	0.985534
2048.15	-852.518	7506.01	0.98557
2046.78	-852.981	7516.88	0.985607
2047.35	-852.608	7527.9	0.985644
2053.14	-850.305	7534.74	0.985682
2061.44	-847.459	7536.24	0.985721
2068.6	-845.421	7531.81	0.985759
2071.6	-845.021	7522.08	0.985797
2069.01	-846.384	7508.99	0.985836
2062.71	-851.019	7498.17	0.985874
2054.1	-856.537	7492.37	0.985913
2042.44	-862.114	7490.61	0.985952
2033.26	-867.857	7494.36	0.985993
2030.25	-873.703	7503.55	0.986035
2034.56	-879.451	7516.35	0.986077
2047.87	-883.968	7528.36	0.986119
2061.26	-906.246	7534.97	0.986169
2073.03	-919.934	7536.28	0.986216
2077.71	-931.764	7531.91	0.986267
2078.24	-928.102	7525.45	0.986313
2071.91	-928.774	7519.85	0.986365
2062.63	-933.949	7517.34	0.986418
2057.44	-930.007	7516.23	0.986467
2058.79	-915.538	7514.49	0.986513
2062.07	-899.033	7513.06	0.986557
2063.93	-886.271	7513.01	0.986601
2063.6	-881.36	7515.43	0.986645
2062.71	-883.432	7519.91	0.986688
2063.25	-889.089	7524.81	0.986732
2065.96	-894.784	7528.25	0.986775
2069.84	-898.224	7529.07	0.986819
2073	-898.732	7527.29	0.986863
2073.88	-896.901	7523.9	0.986906
2072.12	-893.964	7520.22	0.98695
2068.5	-889.027	7516.94	0.986992
2064.43	-884.584	7515.05	0.987035
2061.35	-882.192	7514.69	0.987077
2060.27	-884.278	7515.43	0.987119
2061.2	-890.6	7516.36	0.987159
2067.15	-894.56	7516.48	0.987199
2073.55	-895.891	7517.05	0.987238
2077.63	-895.51	7518.79	0.987278
2078.64	-892.397	7522.08	0.98732
2077.73	-886.946	7526.4	0.987362
2074.3	-881.884	7527.68	0.987403
2071.49	-880.432	7524.25	0.987446
2069.78	-881.084	7517.59	0.987488
2068.36	-882.464	7509.85	0.987531
2066.38	-883.735	7502.84	0.987574
2063.84	-886.527	7496.24	0.987615
2060.75	-889.203	7491.59	0.987657
2057.63	-890.857	7489.44	0.987698
2055.18	-891.303	7489.47	0.98774
2053.97	-890.858	7490.92	0.987782
2054.15	-890.056	7492.97	0.987823
2055.39	-889.377	7495.03	0.987865
2056.89	-887.352	7498.48	0.987906
2058.26	-883.468	7503.4	0.987945
2059.82	-879.664	7507.34	0.987985
2061.63	-877.191	7509.17	0.988024
2063.28	-876.482	7508.93	0.988064
2064.17	-877.241	7507.44	0.988103
2063.97	-878.738	7505.72	0.988143
2062.83	-880.194	7504.57	0.988182
2061.34	-881.098	7504.41	0.988222
2060.17	-881.324	7505.23	0.988261
2059.81	-881.056	7506.73	0.988301
