1779.2	-924.12	6420.89	0.847886
1777.35	-922.242	6420.7	0.851201
1772.88	-917.844	6420.12	0.853856
1763.82	-911.641	6417.89	0.85607
1747.86	-901.21	6413.42	0.858527
1724.86	-892.315	6403.63	0.861379
1696.67	-885.896	6387.84	0.863873
1668.08	-882.95	6365.55	0.866039
1641.64	-886.093	6334.31	0.867909
1621.9	-890.763	6296.86	0.86885
1604.65	-893.693	6253.92	0.869451
1590.47	-895.846	6208.58	0.869554
1576.04	-901.179	6161.02	0.869639
1558.22	-908.471	6113.66	0.869753
1535.25	-915.417	6073.2	0.869832
1509.95	-923.476	6041.87	0.869846
1485.99	-931.286	6021.45	0.869805
1467.39	-940.25	6011.34	0.869716
1456.47	-947.841	6011.21	0.869628
1453.45	-955.275	6016.17	0.869536
1456.63	-960.084	6022.8	0.869448
1464.12	-960.751	6030.56	0.869392
1473.61	-958.402	6038.25	0.869354
1482.22	-956.035	6041.7	0.869279
1487.49	-954.539	6038.47	0.869174
1490.48	-956.524	6034.46	0.869185
1491.6	-957.435	6029.05	0.869163
1490.32	-957.25	6023.11	0.869158
1488.24	-955.464	6015.28	0.869126
1485.89	-952.597	6009.42	0.869159
1482.87	-947.562	6006.48	0.869205
1481.24	-942.754	6003.55	0.869216
1482.72	-937.222	6001.78	0.86924
1486.64	-933.511	6003.18	0.8693
1492.74	-931.534	6004.8	0.869321
1502.19	-932.161	6008.8	0.869368
1514.01	-932.46	6015.23	0.869404
1527.79	-935.906	6021.87	0.869431
1542.27	-939.711	6028.61	0.869447
1557.98	-943.208	6032.53	0.869443
1573.46	-948.815	6032.77	0.869445
1588.97	-952.173	6031.23	0.869448
1603.75	-953.368	6026.13	0.869444
1615.36	-951.485	6019.04	0.869445
1624.07	-947.083	6009.05	0.869448
1630.33	-940.101	5996.04	0.869458
1633.74	-935.225	5981.03	0.869472
1634.61	-931.63	5961.94	0.869488
1633.11	-930.813	5941.34	0.869508
1628.9	-925.462	5924.28	0.86953
1623.55	-917.245	5912.23	0.869553
1618.34	-908.629	5903.25	0.869576
1615.36	-899.97	5898.41	0.869602
1615.34	-893.11	5895.2	0.869627
1617.71	-884.436	5893	0.869658
1620.7	-876.917	5891.46	0.869688
1625.19	-871.273	5890.92	0.869717
1630.55	-866.825	5889.5	0.869746
1635.96	-862.686	5885.8	0.869776
1639.93	-857.312	5883.69	0.869801
1643.19	-856.266	5879.41	0.86982
1646.74	-858.582	5874.11	0.869834
1650.27	-864.123	5866.06	0.869851
1655.15	-868.567	5855.55	0.869869
1658.97	-866.942	5843.43	0.869888
1661.26	-860.244	5831.57	0.869904
1662.55	-850.345	5816.9	0.869919
1661.34	-840.421	5803.58	0.869929
1659.2	-831.872	5788.61	0.869939
1655.69	-827.347	5775.86	0.869943
1652.27	-824.879	5767.27	0.869948
1650.76	-820.075	5760.26	0.869953
1651.83	-811.766	5756.33	0.869959
1655.38	-798.018	5756.88	0.869966
1661.89	-784.402	5760.42	0.86997
1673.18	-790.848	5760.17	0.870002
1687.14	-810.964	5757.52	0.870037
1701.88	-830.333	5754.04	0.87007
1714.37	-840.575	5752.09	0.870107
1724.1	-825.447	5757.38	0.870125
1731.14	-790.147	5768.78	0.870143
1742.8	-776.408	5777.82	0.870154
1760.35	-788.812	5779.8	0.870167
1784.54	-816.521	5777.55	0.870174
1810.4	-842.178	5775.58	0.870191
1833.87	-862.913	5771.48	0.87022
1853.1	-887.947	5764.36	0.870244
1864.48	-892.171	5760.3	0.870282
1870.77	-888.242	5753.9	0.87032
1873.82	-876.569	5744.89	0.870368
1877.18	-866.79	5732.99	0.870411
1879.64	-869.28	5719.3	0.870441
1882.25	-880.18	5704.14	0.870472
1882.8	-891.138	5689.01	0.870502
1880.07	-898.635	5678.52	0.870535
1873.22	-895.223	5675.42	0.870572
1868.83	-888.741	5675.05	0.870607
1867.41	-883.048	5676.26	0.870641
1869.39	-878.164	5681.25	0.870674
1868.4	-870.452	5694.35	0.870703
1863.23	-856.431	5716.45	0.87073
1858.57	-837.139	5742.15	0.870754
1863.08	-829.367	5775.14	0.870763
1878.09	-831.329	5810.84	0.870768
1902.12	-838.971	5845.51	0.87077
1941.49	-863.52	5846.91	0.870797
1976.13	-893.431	5830.14	0.870812
1991.45	-911.177	5808.02	0.870827
1992.49	-921.023	5771.31	0.870856
1977.4	-925.954	5725.52	0.870888
1947.73	-924.146	5685.19	0.870914
1906.69	-911.009	5651.68	0.870948
1862.52	-895.214	5628.78	0.870979
1818.88	-877.473	5627.2	0.871007
1790.59	-872.453	5633.07	0.871044
1782.28	-878.146	5644.69	0.871079
1789.72	-885.968	5661.35	0.871114
1807.29	-898.78	5678.37	0.871145
1826.77	-904.4	5696.49	0.871183
1845.74	-909.864	5711.08	0.871212
1858.73	-910.543	5722.1	0.871243
1864.46	-905.773	5727.1	0.871275
1862.38	-902.457	5724.67	0.871307
1853.45	-899.348	5719.17	0.871342
1835.19	-895.639	5714.1	0.871371
1814.82	-893.477	5709.73	0.871397
1792.33	-878.691	5706.68	0.871438
1772.28	-862.144	5703.01	0.871465
1759.38	-863.475	5695.94	0.87148
1747.97	-862.16	5692.42	0.871509
1737.77	-857.281	5692.7	0.871532
1728.33	-844.938	5697.78	0.871547
1720.78	-832.957	5704.66	0.871565
1715.1	-821.421	5712.79	0.871589
1712.76	-813.831	5718.24	0.871612
1710.92	-801.499	5723.88	0.871647
1708.34	-788.107	5728.68	0.87169
1703.63	-771.24	5733.8	0.871736
1698.66	-745.577	5737.24	0.87177
1692.53	-716.385	5739.01	0.871799
1685.04	-691.637	5738.29	0.871827
1679.7	-675.117	5733.47	0.871854
1674.74	-672.237	5724.32	0.871884
1670.14	-679.889	5713.14	0.871915
1667.14	-707.909	5697.21	0.871963
1662.66	-727.337	5681.75	0.871995
1654.61	-734.829	5671.17	0.872026
1645.87	-731.128	5663.78	0.872057
1637.66	-718.443	5660.12	0.872085
1635	-721.55	5650.67	0.87209
1637.43	-726.104	5637.04	0.872101
1643.91	-738.885	5619	0.87211
1652.17	-761.017	5593.45	0.872125
1657.84	-773.155	5567.39	0.872135
1658.36	-785.721	5538.19	0.872157
1649.11	-784.293	5514.12	0.872195
1634.64	-768.556	5496.42	0.872236
1617.17	-747.419	5478.31	0.872277
1599.12	-724.279	5462.76	0.872326
1583.27	-695.272	5452.15	0.872389
1571.81	-660.521	5447.04	0.872463
1564	-617.345	5450.5	0.872519
1562.49	-580.132	5456.73	0.872575
1565.59	-556.16	5461.57	0.872624
1572.3	-549.142	5459.64	0.87267
1578.75	-550.886	5454.56	0.872721
1581.72	-556.366	5441.94	0.872769
1578.54	-563.218	5422.72	0.872818
1567.91	-568.386	5398.88	0.872867
1550.35	-570.263	5372.52	0.872917
1526.98	-569.097	5343.16	0.872968
1500.33	-562.492	5314.23	0.873018
1473.54	-553.598	5287.12	0.873068
1448.03	-547.092	5264.27	0.87312
1427.06	-539.115	5245.38	0.873172
1410.11	-540.348	5226.92	0.873235
1396.45	-548.711	5206.97	0.873285
1383.55	-557.81	5189.66	0.873343
1369	-555.923	5180.19	0.873395
1354.61	-569.244	5165.77	0.873459
1336.35	-570.056	5163.31	0.873516
1320.4	-566.307	5162.6	0.873562
1308.6	-554.027	5167.52	0.873621
1301.51	-552.287	5166.61	0.873657
1298.09	-554.918	5164.75	0.873699
1295.25	-554.816	5164.22	0.873751
1295.01	-543.461	5163.94	0.873811
1293.83	-523.48	5164.27	0.873876
1291.39	-503.623	5161.71	0.873944
1287.35	-488.95	5154.51	0.874011
1279.95	-481.201	5144.43	0.874076
1270.98	-489.126	5128.37	0.874127
1262.35	-501.069	5116.73	0.874186
1253.66	-511.005	5109.25	0.874249
1246.06	-510.522	5104.43	0.874308
1237.24	-503.673	5103.73	0.874376
1230.06	-491.171	5102.96	0.874444
1226.79	-482.056	5096.19	0.874516
1229.1	-506.141	5069.21	0.87454
1229.89	-549.653	5022.03	0.874584
1220.85	-593.451	4969.76	0.87463
1199.54	-639.437	4913.21	0.874644
1167.36	-669.91	4860.54	0.874655
1127.11	-686.048	4822.03	0.874676
1085.97	-682.421	4800.7	0.874697
1050.44	-657.127	4805.18	0.874738
1030.07	-615.01	4829.27	0.874769
1028.25	-575.935	4858.28	0.874795
1044.94	-546.921	4884.8	0.874822
1075.32	-528.34	4912.63	0.874857
1111.04	-517.655	4926.3	0.874879
1141.79	-514.178	4926.57	0.874902
1157.36	-516.748	4919.74	0.874929
1157.73	-517.817	4904.1	0.874952
1143.53	-516.055	4886.16	0.874978
1116.27	-521.211	4857.44	0.874987
1079.69	-528.29	4814.79	0.874994
1032.07	-537.173	4768.56	0.874998
983.901	-543.026	4721.81	0.875001
943.075	-545.555	4682.41	0.875008
914.065	-544.585	4651.49	0.875011
897.177	-542.349	4632.04	0.875018
891.627	-539.151	4623.06	0.875023
892.987	-539.444	4624.53	0.875028
901.054	-541.206	4630.56	0.875034
912.685	-538.22	4639.11	0.875037
917.369	-535.968	4668.46	0.875041
919.948	-535.162	4703.71	0.875038
927.273	-537.363	4735.89	0.87504
946.688	-539.142	4751.97	0.875045
963.072	-546.859	4767.38	0.875047
973.532	-555.869	4782.46	0.875051
981.03	-561.87	4796.01	0.875056
991.214	-563.111	4798.97	0.875058
1002.56	-562.458	4796.19	0.875059
1012.84	-560.554	4789.16	0.875062
1021.54	-559.646	4777.29	0.875066
1025.85	-560.091	4761.17	0.875071
1023.26	-565.622	4746.73	0.875075
1016.09	-573.553	4740.45	0.875083
1008.47	-583.353	4739.35	0.875087
1003.54	-591.314	4745.29	0.875089
1003.8	-596.379	4758.09	0.875091
1008.67	-597.375	4772.6	0.875093
1017.21	-596.387	4789.77	0.875098
1028.58	-596.148	4805.7	0.875104
1043.84	-592.783	4817.68	0.87511
1060.62	-584.15	4825.85	0.87512
1077.75	-573.842	4837.65	0.875137
1093.55	-564.756	4860.69	0.875169
1110.36	-558.748	4887.51	0.875202
1127.48	-557.399	4919.23	0.875241
1147.03	-565.377	4942.55	0.875271
1166.81	-574.727	4959.35	0.875309
1184.04	-585.812	4967.55	0.875344
1197.93	-602.679	4963.31	0.875368
1205.18	-621.217	4949.42	0.875388
1202.52	-637.818	4931.55	0.875408
1191.76	-654.963	4911.37	0.875429
1176.89	-661.418	4895.31	0.875463
1162.05	-670.572	4874.46	0.875475
1148.43	-682.034	4856.47	0.875491
1135.96	-694.46	4845.12	0.875507
1127.7	-705.406	4838.89	0.87552
1124.62	-711.907	4840.3	0.875534
1125.56	-707.824	4849.6	0.875543
1128.17	-696.902	4863.33	0.87554
1133.7	-681.307	4881.13	0.875532
1141.92	-660.028	4897.14	0.875524
1152.87	-641.548	4910.23	0.875513
1163.05	-629.033	4920.8	0.875502
1169.83	-618.736	4927.33	0.875498
1172.68	-615.144	4926.44	0.87549
1170.23	-613.764	4922.97	0.875491
1164.32	-614.252	4918.04	0.875491
1157.4	-618.809	4911.8	0.875488
1150.84	-623.855	4906.15	0.875486
1146.44	-627.453	4904.3	0.875482
1143.38	-612.076	4913.86	0.875505
1144.87	-604.058	4918.19	0.875504
1149.64	-605.623	4921.01	0.875505
1155.15	-601.276	4928.9	0.875525
1160.31	-602.631	4938.44	0.875569
1166.51	-607.895	4946.16	0.875611
1170.86	-615.204	4951.17	0.875654
1175.47	-617.646	4961.51	0.875706
1179.48	-614.471	4972.95	0.87574
1184.78	-596.139	4983.49	0.875756
1191.26	-572.34	4996.87	0.875788
1198.85	-547.375	5013.15	0.875826
1207.71	-539.051	5022.89	0.875858
1217.56	-539.929	5032.22	0.875895
1228.85	-543.679	5037.43	0.875929
1239.09	-552.148	5037.43	0.875963
1247.59	-560.315	5034.19	0.875995
1252.59	-568.513	5023.96	0.876022
1255.27	-572.556	5008.53	0.876047
1255.79	-571.164	4993.86	0.876076
1252.26	-531.755	4993.87	0.876152
1252.3	-481.344	4999.91	0.876214
1257.3	-447.876	5006.5	0.876278
1271.01	-427.953	5011.08	0.87633
1290.61	-422.737	5011.41	0.876395
1311.48	-430.069	5010.55	0.876454
1332.02	-441.538	5008.65	0.876513
1350.66	-454.325	5002.19	0.876567
1366.48	-461.682	4992.6	0.876619
1378.83	-458.585	4981.68	0.87667
1385.18	-450.304	4970.45	0.876729
1383.93	-431.27	4957.19	0.876783
1378.29	-411.234	4945.26	0.876848
1373.13	-391.575	4933.32	0.876907
1371.6	-394.197	4917.12	0.876955
1373.04	-406.327	4900.83	0.877004
1375.64	-413.372	4888.67	0.87706
1377.28	-415.597	4879.46	0.877117
1377.81	-407.961	4871.97	0.877179
1376.41	-389.508	4866.51	0.877243
1374.08	-368.655	4860.61	0.877308
1371.45	-348.992	4853.61	0.877374
1369.1	-334.645	4844.65	0.877439
1367.31	-328.909	4833	0.877491
1366.58	-339.336	4816.22	0.877532
1363.22	-355.34	4793.54	0.877559
1356.72	-377.007	4759.97	0.877573
1343.66	-395.542	4717.93	0.877583
1324.05	-402.093	4678.13	0.877594
1297.07	-372.613	4659.75	0.877644
1269.65	-325.578	4655.79	0.877706
1250.15	-278.044	4660.81	0.87777
1242.24	-236.942	4669.04	0.877827
1246.7	-208.261	4676.8	0.877876
1258.75	-192.962	4677.39	0.877914
1272.13	-189.536	4672.64	0.877967
1282.57	-201.874	4658.39	0.878023
1284.93	-218.794	4640.76	0.878081
1278.02	-232.038	4620.75	0.878137
1263.04	-251.362	4594.22	0.8782
1241.96	-264.776	4569.54	0.878271
1219.62	-263.292	4547.37	0.878327
1199.28	-249.747	4527.35	0.878393
1181.2	-218.816	4516.25	0.878469
1167.99	-190.195	4504.82	0.87854
1159.57	-161.663	4489.76	0.878606
1154.42	-148.34	4465.19	0.878659
1146.68	-147.382	4434.05	0.878693
1135.67	-164.231	4392.73	0.878709
1116.8	-189.08	4347.77	0.878727
1090.42	-210.133	4306.3	0.878749
1058.57	-217.249	4271.94	0.878778
1026.24	-212.531	4243.88	0.878809
997.433	-205.217	4220.43	0.878846
973.358	-191.241	4203.39	0.878873
954.22	-171.947	4195.76	0.878919
939.994	-156.308	4187.82	0.878959
929.409	-147.946	4178.72	0.879
919.082	-130.569	4176.07	0.87905
907.258	-115.146	4174.96	0.879102
892.408	-106.978	4174.07	0.879144
877.144	-99.1835	4170.26	0.879194
860.183	-96.8886	4157.56	0.879228
839.999	-98.1558	4136.66	0.879262
815.159	-100.986	4109.71	0.879296
786.126	-102.716	4087.77	0.879331
753.446	-91.6679	4080.1	0.879395
722.102	-78.2915	4083.28	0.879457
696.939	-65.7429	4090.49	0.879516
680.924	-57.7499	4096.96	0.87957
672.948	-55.2692	4099.33	0.879626
668.945	-53.534	4093.46	0.879675
663.796	-55.8566	4078.94	0.879723
651.676	-48.3544	4058.82	0.879754
628.33	-31.726	4037.1	0.879778
598.057	-15.2788	4013.51	0.8798
564.494	-3.31344	3991.17	0.879818
531.674	0.918515	3972.08	0.879837
501.253	-12.0465	3952.11	0.879841
475.37	-26.0717	3935.31	0.879858
450.834	-31.8081	3922.64	0.879873
427.136	-34.7764	3906.57	0.879912
400.468	-34.6033	3887.28	0.879952
372.526	-32.2576	3865.79	0.879995
343.674	-34.4972	3847	0.880035
315.178	-39.4314	3828.95	0.880069
289.698	-41.3271	3816.95	0.880105
268.25	-38.4213	3811.11	0.880136
250.626	-23.6968	3808.71	0.880159
235.913	-6.03342	3804.53	0.880176
222.314	14.0046	3799.13	0.880195
213.229	31.7213	3781.46	0.880216
204.502	39.7177	3752.86	0.880227
183.565	29.273	3729.34	0.880268
154.932	1.31976	3711.77	0.880323
124.504	-16.0789	3702.11	0.880326
96.0993	-22.6278	3698.53	0.88033
72.6294	-23.8034	3696.97	0.880339
53.5039	-24.4569	3695.65	0.880357
39.632	-26.5149	3692.17	0.880373
29.7219	-30.021	3690.96	0.880404
20.1611	-46.5001	3678.01	0.880414
6.54436	-63.2878	3664.43	0.880453
-12.1879	-74.5792	3654.13	0.880491
-33.6054	-80.517	3650.06	0.880531
-54.564	-81.0502	3653.5	0.880572
-72.3228	-79.1998	3657.58	0.880612
-86.54	-82.1516	3656.97	0.880636
-97.2655	-90.6559	3650.01	0.880654
-106.715	-102.055	3637.57	0.880662
-115.638	-114.796	3621.4	0.880662
-126.975	-127.693	3603.53	0.880658
-138.171	-128.68	3599.13	0.880676
-148.034	-124.269	3608.37	0.880696
-155.023	-110.983	3618.91	0.880669
-159.093	-96.8366	3619.6	0.880627
-158.751	-86.1192	3619.19	0.880606
-156.449	-72.2531	3625.99	0.880592
-155.646	-68.0713	3624.59	0.880558
-154.129	-64.5334	3626.99	0.880537
-152.146	-68.4046	3624.4	0.880527
-151.766	-82.3947	3616.65	0.880525
-151.356	-87.1063	3606.43	0.880495
-156.165	-82.4532	3605.62	0.880464
-164.014	-76.6694	3606.98	0.880427
-169.288	-68.7533	3616.13	0.880407
-170.602	-62.8881	3626.64	0.880382
-168.847	-57.77	3638.04	0.880352
-162.459	-54.9306	3647.31	0.880332
-153.718	-62.3496	3647.99	0.880297
-149.056	-64.9285	3654.25	0.880275
-142.619	-68.9827	3651.21	0.880263
-140.195	-70.6081	3649.17	0.880213
-139.268	-68.0216	3642.25	0.880187
-137.407	-74.4994	3629.14	0.880155
-139.235	-88.4804	3620.46	0.880088
-147.527	-99.7798	3615.63	0.880072
-154.459	-118.448	3619.95	0.880036
-162.237	-113.501	3633.76	0.880017
-171.117	-98.4687	3657.53	0.879999
-168.898	-63.5843	3687.77	0.88002
-157.777	-35.328	3705.42	0.88003
-142.031	-28.9113	3712.14	0.879999
-126.544	-32.5929	3711.62	0.880004
-114.652	-42.3995	3705.98	0.880036
-121.712	-64.3191	3691.67	0.880052
-125.726	-85.3869	3673.5	0.880073
-131.172	-110.872	3656.67	0.880091
-136.424	-129.412	3650.26	0.880133
-144.795	-135.207	3640.2	0.880175
-162.508	-129.879	3646.82	0.880201
-173.591	-99.6638	3669.49	0.880181
-169.825	-79.1896	3690.62	0.880238
-155.957	-66.7899	3710.44	0.880311
-133.548	-92.2633	3716.58	0.880323
-118.199	-145.34	3689.17	0.880298
-117.129	-194.578	3647.88	0.880292
-129.411	-214.758	3618.21	0.880322
-148.533	-204.271	3617.29	0.880373
-164.833	-168.356	3642.58	0.880445
-169.041	-115.127	3684.53	0.880523
-160.349	-73.9085	3728.09	0.880612
-139.872	-43.1797	3762.1	0.880682
-115.402	-15.363	3781.17	0.880723
-94.0428	-7.34792	3781.27	0.880786
-85.9743	-15.7583	3764.21	0.880846
-91.2881	-37.2762	3740.55	0.880922
-107.665	-56.0057	3718.78	0.880986
-128.352	-63.5989	3702.24	0.881039
-145.654	-56.7752	3695.7	0.881086
-158.092	-32.5499	3702.94	0.881105
-162.728	-11.899	3713.07	0.881142
-161.041	-7.63871	3723.2	0.881195
-155.209	-14.4219	3730.14	0.881252
-148.276	-25.9691	3732	0.881306
-144.591	-37.3369	3724.42	0.881355
-146.406	-45.4807	3707.78	0.8814
-154.836	-50.3478	3687.5	0.881439
-168.479	-53.1875	3665.1	0.881474
-184.746	-56.5364	3642	0.881508
-200.232	-57.2015	3624.83	0.881538
-210.744	-46.6875	3612.46	0.881555
-217.108	-33.3043	3607.48	0.881567
-218.732	-22.2031	3610.84	0.881575
-216.212	-15.6622	3625.06	0.881588
-211.595	-11.9153	3646.68	0.881596
-205.456	-12.2708	3670.23	0.881596
-198.958	-11.7211	3692.71	0.881593
-193.751	-10.2299	3712.56	0.881591
-191.453	-8.49125	3727.27	0.881587
-191.523	-11.0992	3736.48	0.881569
-192.721	-14.2577	3738.17	0.881551
-193.262	-30.9867	3730.46	0.881501
-195.796	-55.0522	3723.86	0.88145
-202.154	-72.4446	3720.24	0.881407
-208.92	-81.5873	3719.69	0.88136
-213.818	-80.6989	3722.35	0.881317
-217.474	-72.5455	3726.57	0.881264
-218.493	-73.0611	3724.55	0.881242
-219.292	-70.4764	3723.38	0.881207
-223.459	-70.3043	3724.63	0.881166
-231.188	-70.6744	3729.62	0.881125
-240.535	-70.4947	3734.84	0.881084
-246.704	-66.9336	3742.26	0.881035
-253.461	-62.9253	3752.02	0.880974
-258.394	-61.8448	3765.82	0.880916
-261.763	-61.9733	3781.7	0.880856
-263.154	-66.5803	3801.3	0.880802
-263.89	-71.5169	3825.37	0.880745
-264.106	-74.1778	3849.74	0.880688
-263.154	-74.8011	3872.31	0.880629
-261.579	-76.3079	3889.21	0.880567
-261.216	-76.3887	3900.11	0.880504
-262.635	-77.4391	3901.23	0.880433
-268.896	-81.5072	3895	0.880368
-282.063	-82.5015	3887.2	0.880294
-299.928	-88.784	3878.98	0.880234
-321.806	-92.696	3876.9	0.880144
-342.801	-92.9906	3880.13	0.880071
-359.705	-90.9167	3889.95	0.879996
-370.859	-102.015	3900.16	0.879952
-378.603	-111.434	3916.23	0.879891
-387.658	-107.292	3945.17	0.879835
-392.135	-102.228	3966.68	0.879765
-392.639	-113.181	3972.89	0.879683
-389.703	-145.947	3961.77	0.879631
-389.653	-183.66	3942.02	0.879576
-398.214	-205.754	3931.83	0.879505
-416.717	-198.725	3940.53	0.879396
-436.934	-184.776	3961.21	0.879306
-453.149	-176.169	3984.18	0.879226
-463.361	-169.52	4014.63	0.87914
-464.15	-175.27	4041.22	0.879063
-459.314	-178.684	4066.93	0.878968
-448.323	-196.69	4081.85	0.878912
-433.264	-231.674	4081.63	0.878877
-421.076	-267.989	4075.26	0.878843
-415.188	-296.44	4071.89	0.87881
-416.497	-311.064	4076.34	0.878775
-421.606	-315.376	4088.65	0.878739
-427.143	-305.85	4112.73	0.878716
-428.502	-297.508	4138.74	0.878679
-425.743	-293.396	4165.95	0.878648
-418.357	-290.411	4192.06	0.878623
-408.751	-295.124	4215.02	0.878567
-399.817	-296.831	4238.04	0.878525
-392.661	-295.286	4260.65	0.878495
-388.587	-302.875	4278	0.878442
-387.067	-316.8	4289.81	0.878394
-386.461	-332.247	4299.17	0.878341
-388.828	-341.469	4311.72	0.878281
-392.512	-341.058	4327.17	0.878226
-393.881	-344.63	4340.59	0.878198
-395.271	-339.541	4354.87	0.87816
-395.128	-347.747	4365.82	0.87812
-396.763	-358.3	4377.41	0.878071
-401.66	-359.952	4394.93	0.878011
-409.112	-344.302	4416.57	0.877993
-415.858	-334.894	4437.82	0.877966
-420.387	-333.155	4458.56	0.877923
-425.387	-331.073	4480.56	0.877892
-429.206	-332.738	4502.67	0.877856
-431.491	-342.182	4521.61	0.877817
-435.903	-345.519	4542.75	0.877782
-439.282	-362.433	4560.84	0.877739
-443.734	-381.543	4576.23	0.87768
-445.083	-413.509	4582.17	0.877635
-448.891	-444.426	4584.33	0.877586
-458.524	-449.493	4595.05	0.877543
-467.408	-446.218	4606.54	0.877482
-472.539	-434.031	4617.98	0.877414
-471.212	-433.571	4622.99	0.877367
-467.241	-431.289	4636.78	0.877345
-462.983	-435.873	4651.42	0.877311
-458.734	-440.921	4672.6	0.877284
-455.677	-455.347	4690.52	0.877258
-451.354	-461.246	4714.54	0.87723
-447.685	-469.653	4733.62	0.877184
-444.206	-483.626	4747.54	0.877138
-439.279	-500.612	4757.45	0.877094
-430.633	-509.642	4773.89	0.877053
-423.457	-507.961	4797.2	0.877017
-418.719	-509.587	4815.52	0.876963
-415.129	-499.228	4841.07	0.876932
-413.808	-495.476	4862.41	0.876884
-411.572	-504.529	4876.71	0.876829
-411.163	-522.432	4889.48	0.876773
-411.351	-546.579	4900.8	0.876724
-412.662	-567.805	4917.1	0.876673
-415.362	-580.352	4935.61	0.876619
-419.648	-584.058	4956.69	0.876565
-427.312	-579.657	4980.41	0.876505
-430.301	-573.145	4996.23	0.876453
-433.803	-568.369	5008.62	0.876397
-437.07	-563.168	5015.1	0.876341
-444.797	-559.589	5021.63	0.876282
-459.567	-548.835	5028.68	0.87621
-481.11	-528.254	5038.19	0.87613
-503.114	-497.32	5049.42	0.876049
-525.604	-453.239	5064.84	0.875973
-538.075	-425.487	5080.51	0.875889
-541.488	-423.738	5095.69	0.875798
-540.604	-445.809	5109.49	0.87571
-543.666	-459.702	5126.44	0.875645
-550.514	-466.218	5145.19	0.875566
-558.831	-472.906	5161.28	0.875486
-568.015	-487.496	5172.75	0.875391
-574.65	-484.573	5186.35	0.875318
-580.448	-476.732	5198.54	0.875237
-589.757	-477.795	5205.09	0.875143
-598.295	-475.207	5212.75	0.875062
-604.507	-468.501	5222.95	0.874986
-609.988	-460.646	5233.41	0.87491
-617.424	-457.116	5238.39	0.874831
-624.874	-461.338	5238.61	0.874757
-645.983	-504.545	5233.22	0.874724
-660.599	-572.82	5223.86	0.874725
-657.909	-641.282	5227.85	0.87473
-647.05	-692.481	5258.68	0.874739
-635.316	-714.579	5313.55	0.874747
-627.46	-712.577	5365.47	0.874745
-621.602	-689.536	5412.97	0.874748
-615.24	-657.544	5441.69	0.874747
-605.505	-627.497	5451.5	0.874751
-594.894	-607.935	5444.48	0.874758
-587.979	-614.875	5424.82	0.874785
-595.613	-640.585	5406.93	0.874813
-613.448	-665.537	5401.61	0.87484
-635.856	-669.476	5413.91	0.874861
-652.816	-645.121	5443.99	0.874873
-652.903	-594.669	5480.41	0.874877
-631.935	-531.609	5509.27	0.874875
-594.01	-473.574	5520.67	0.874868
-553.409	-434.173	5509.8	0.874857
-525.137	-417.347	5479.53	0.874841
-517.205	-420.304	5437.02	0.874825
-529.688	-432.84	5392.96	0.874807
-553.966	-445.847	5354.74	0.874786
-577.279	-451.51	5323.96	0.874761
-612.693	-486.553	5321.02	0.874768
-636.507	-536.776	5333.55	0.874781
-638.088	-583.012	5348.89	0.874797
-620.109	-612.995	5369.91	0.874814
-592.713	-619.537	5391.39	0.874831
-568.297	-606.159	5413.2	0.874848
-557.864	-584.366	5437.88	0.874867
-563.57	-565.34	5464.12	0.874885
-580.364	-559.099	5487.27	0.874906
-598.62	-563.946	5502.89	0.874925
-608.183	-574.2	5501.45	0.874945
-606.792	-586.301	5484.68	0.874968
-599.794	-594.506	5464.6	0.874989
-591.248	-587.801	5437.41	0.875002
-583.828	-562.591	5404.46	0.875008
-578.164	-528.468	5369.23	0.875007
-573.259	-495.126	5333.52	0.875003
-565.637	-504.046	5300.52	0.875028
-565.319	-544.391	5277.11	0.875056
-579.403	-595.698	5269.33	0.875086
-604.113	-652.717	5254.22	0.875093
-632.254	-688.812	5251.52	0.875091
-654.545	-697.332	5257.55	0.875078
-667.106	-661.541	5289.67	0.87505
-657.952	-603.19	5324.86	0.875004
-627.156	-547.815	5347.48	0.874973
-583.998	-521.328	5331.72	0.874943
-550.524	-534.386	5272.65	0.874911
-539.67	-568.291	5195.09	0.874883
-552.468	-608.095	5123.46	0.87485
-573.509	-635.726	5088.43	0.874807
-591.308	-648.267	5101.44	0.874786
-593.294	-641.828	5155.09	0.874762
-578.694	-627.993	5224.44	0.87475
-549.83	-606.171	5290.62	0.874747
-517.289	-581.431	5335.82	0.874744
-489.444	-557.325	5356.64	0.874743
-470.643	-537.764	5351.63	0.874744
-460.998	-523.242	5327.1	0.87475
-465.879	-520.385	5276.37	0.874747
-477.61	-539.386	5212.98	0.874744
-490.122	-575.404	5152.07	0.874722
-494.624	-611.951	5106.54	0.874693
-488.757	-651.692	5076.81	0.874668
-475.786	-677.105	5067.74	0.874645
-456.955	-677.884	5073.95	0.874627
-435.18	-674.315	5089.85	0.874599
-413.957	-667.164	5112.25	0.874576
-395.857	-661.81	5140.35	0.874557
-379.615	-665.258	5168.29	0.874533
-366.39	-673.968	5191.61	0.87451
-360.019	-668.807	5205.14	0.874502
-356.705	-645.105	5210.78	0.874502
-352.796	-613.77	5215.11	0.874513
-348.936	-573.082	5220.41	0.874532
-345.854	-527.383	5227.91	0.874563
-333.029	-509.621	5238.82	0.874578
-321.741	-506.608	5254.53	0.874604
-312.726	-523.096	5272.31	0.874621
-306.412	-545.627	5291.9	0.874637
-301.747	-559.051	5311.09	0.874656
-294.894	-562.035	5331.59	0.874672
-285.373	-547.151	5354.4	0.874687
-274.049	-527.371	5378.5	0.874703
-261.577	-507.351	5398.1	0.874714
-249.419	-489.825	5416.03	0.874723
-234.566	-465.453	5436.48	0.874723
-223.165	-442.011	5455.8	0.87471
-212.354	-422.052	5471.68	0.874689
-205.106	-421.628	5477.28	0.874675
-197.51	-436.178	5476.06	0.874659
-185.876	-441.729	5483.76	0.87464
-175.706	-443.924	5494.39	0.874624
-169.707	-443.747	5503.67	0.87461
-164.495	-450.394	5506.93	0.874586
-156.565	-464.288	5508.36	0.874566
-145.542	-483.062	5508.77	0.874537
-132.112	-494.404	5520.53	0.874513
-117.194	-498.842	5540.44	0.874487
-101.867	-505.989	5563.99	0.874468
-85.0208	-501.766	5593.74	0.874451
-64.9484	-501.407	5617.41	0.874444
-40.1365	-495.353	5639.76	0.874427
-11.0442	-497.685	5653.88	0.874416
18.2643	-499.902	5656.83	0.874395
44.766	-506.715	5643.21	0.874378
58.8329	-555.183	5613.52	0.874377
69.4905	-579.26	5583.52	0.874366
78.2542	-590.258	5556.89	0.874328
87.5918	-590.967	5534.13	0.874306
95.247	-572.53	5516.09	0.874283
103.384	-554.52	5502.85	0.874259
101.496	-568.695	5514.17	0.874241
106.655	-574.963	5542.02	0.87421
124.392	-578.553	5581.99	0.874182
152.573	-586.298	5626.57	0.874156
185.738	-592.243	5666.58	0.874148
226.476	-582.002	5697.49	0.874132
262.386	-579.663	5720.63	0.87411
291.95	-607.714	5739.37	0.874074
321.555	-640.221	5747.69	0.874032
351.125	-665.127	5747.09	0.873987
375.597	-674.137	5742.7	0.873944
391.932	-667.072	5740.2	0.873903
399.986	-658.228	5742.7	0.873864
404.105	-655.106	5749.97	0.873827
409.557	-661.498	5760.08	0.873796
417.725	-710.945	5758.66	0.873748
439.066	-785.542	5747.65	0.873729
467.926	-861.816	5737.43	0.873722
497.12	-925.547	5734.22	0.87372
523.316	-961.715	5747.22	0.873718
542.757	-971.909	5774.93	0.873717
554.749	-962.389	5809.57	0.873717
562.634	-946.899	5839.04	0.873712
574.269	-938.943	5858.2	0.873715
596.247	-931.515	5871.08	0.87371
620.656	-939.994	5873.4	0.873716
643.616	-952.442	5871.13	0.873715
663.499	-970.995	5868.9	0.873722
679.138	-978.236	5875.38	0.873721
691.16	-982.206	5884.94	0.873722
703.984	-980.801	5897.85	0.873722
719.846	-965.564	5919.05	0.873727
739.717	-926.717	5947.08	0.873734
762.676	-864.512	5983.72	0.873717
786.408	-791.069	6019.2	0.873684
815.171	-734.216	6036.81	0.873651
844.157	-708.442	6035.55	0.87362
868.189	-709.569	6021.37	0.873589
884.294	-765.414	5990.47	0.873584
897.204	-838.517	5965.44	0.873579
913.094	-892.804	5955.24	0.873572
934.215	-916.532	5956.61	0.873565
959.983	-914.331	5964.99	0.873556
987.366	-904.646	5974.13	0.873543
1011.59	-896.65	5980.68	0.873529
1033.74	-890.582	5982.99	0.873515
1054.75	-885.645	5980.15	0.873501
1069.92	-887.46	5974.81	0.873484
1082.62	-884.98	5969.46	0.873465
1090.35	-882.88	5964.57	0.873439
1099.48	-874.631	5964.98	0.873411
1109.81	-866.399	5968	0.873379
1123.77	-854.761	5973.82	0.873343
1140.95	-867.671	5974.55	0.873324
1163.08	-892.298	5968.96	0.873317
1187.53	-920.126	5956.73	0.873312
1209.03	-933.61	5942.09	0.873306
1224.16	-931.311	5928.29	0.873301
1232.38	-922.578	5923.15	0.873295
1235.98	-916.75	5923.25	0.873292
1242.18	-914.784	5931.85	0.873291
1255.33	-917.799	5945.1	0.873294
1274.7	-929.126	5961.67	0.873297
1299.91	-943.784	5978.89	0.873302
1326.46	-957.617	5993.18	0.873309
1351.27	-970.44	6006.35	0.873313
1370.92	-983.558	6016.78	0.873318
1385.27	-993.491	6024.61	0.873324
1393.78	-993.873	6029.78	0.873333
1400.08	-988.865	6035.5	0.873344
1406.4	-980.361	6040.05	0.873354
1410.48	-971.799	6042.47	0.873365
1413.82	-962.574	6046.67	0.87338
1416.86	-955.107	6047.48	0.873392
1422.5	-950.198	6051.14	0.873407
1423.98	-954.512	6052.92	0.873418
1426.94	-962.013	6055.54	0.873429
1434.13	-965.685	6062.86	0.87344
1442.07	-962.19	6075.77	0.873452
1448.51	-955.695	6088.88	0.873464
1453.4	-945.262	6101.58	0.873473
1458.63	-932.652	6115.21	0.87348
1461.68	-921.817	6128.94	0.873488
1464.4	-908.403	6144.42	0.873498
1467.86	-892.161	6160.62	0.873512
1472.38	-875.596	6175.43	0.873526
1478.95	-863.094	6189.79	0.873543
1484.24	-854.574	6204.66	0.873561
1489.3	-846.981	6219.98	0.873577
1491.19	-849.899	6230.25	0.873587
1493.44	-854.324	6238.34	0.873599
1499.2	-859.578	6250.43	0.873613
1505.35	-861.089	6266.15	0.873625
1518.07	-857.5	6283.07	0.87364
1529.87	-857.607	6298.24	0.873655
1539.78	-860.194	6309.78	0.873668
1544.97	-863.953	6318.4	0.873681
1542.54	-854.611	6324.94	0.873695
1536.31	-833.951	6331.85	0.873711
1526.38	-814.189	6343.23	0.873729
1518.47	-803.524	6360.4	0.873746
1519.06	-803.474	6385.19	0.873765
1529.04	-810.933	6409.89	0.873785
1548.14	-819.18	6433.04	0.873806
1568.21	-824.775	6452.41	0.873827
1584.88	-825.712	6465.78	0.87385
1595.1	-821.997	6472.96	0.873874
1598.12	-814.857	6475.1	0.873899
1595.32	-805.94	6473.87	0.873925
1589.34	-796.764	6470.77	0.873952
1584.84	-787.643	6464.38	0.87398
1581.46	-781.559	6455.88	0.874008
1578.52	-779.359	6446.5	0.874037
1575.53	-780.211	6437.55	0.874065
1574.27	-781.128	6433.28	0.874095
1573.65	-779.045	6434.75	0.874126
1573.42	-774.85	6440.89	0.874159
1575.69	-770.005	6446.23	0.874192
1579.2	-765.199	6450.69	0.874226
1584.15	-759.485	6451.64	0.874261
1588.01	-755.694	6449.34	0.874296
1591.55	-753.764	6448.08	0.874333
1593.18	-754.224	6448.09	0.874369
1593.01	-756.076	6449.54	0.874407
1592.11	-757.941	6452.29	0.874446
1593.71	-759.703	6457.91	0.874484
1596.9	-761.015	6465.48	0.874523
1602.31	-759.937	6471.37	0.874561
1609.3	-756.315	6472.49	0.8746
1613.17	-753.325	6472.64	0.874639
1615.18	-750.073	6469.21	0.874678
1614.76	-747.956	6462.86	0.874718
1612.19	-745.908	6455.94	0.874756
1610.03	-744.172	6452.53	0.874796
1608.06	-743.405	6451.99	0.874835
1606.72	-741.967	6454.75	0.874874
1606.48	-740.606	6459.55	0.874912
1607.68	-739.799	6465.37	0.874951
1610.26	-739.691	6471.36	0.874989
1613.74	-741.849	6476.19	0.875026
1617.51	-744.571	6479.8	0.875063
1619.4	-745.605	6478.87	0.875101
1619.32	-744.981	6474.33	0.875138
1617.14	-745.25	6467	0.875174
1613.22	-745.634	6458.48	0.87521
1608.16	-745.672	6450.25	0.875246
1602.75	-745.334	6443.6	0.875282
1599	-743.582	6442.9	0.87532
1597.28	-742.292	6447.44	0.875357
1597.24	-741.927	6452.59	0.875394
1599.27	-742.47	6457.81	0.875432
1602.77	-745.466	6462.22	0.875468
1607.1	-748.662	6464.74	0.875504
1610.99	-750.549	6464.62	0.87554
1612.92	-752.608	6461.96	0.875575
1609.9	-755.874	6459.28	0.875609
1604.83	-760.106	6457.66	0.875642
1600.82	-761.096	6457.6	0.875674
1597.62	-759.751	6456.14	0.875705
1595.49	-759.179	6453.94	0.875736
1594.43	-759.105	6451.35	0.875766
1593.88	-761.108	6448.39	0.875796
1593.54	-763.436	6445.4	0.875825
1593.01	-764.991	6442.78	0.875855
1592.09	-765.477	6440.87	0.875884
1590.88	-765.157	6439.8	0.875914
1589.73	-764.504	6439.47	0.875943
1588.96	-763.932	6439.68	0.875973
1586.81	-764.82	6443.01	0.876002
1585.39	-766.184	6448.27	0.876032
1585.95	-767.254	6454.34	0.876061
1588.47	-767.796	6460.31	0.876091
1592.07	-767.957	6465.58	0.87612
1595.7	-767.977	6469.83	0.876149
1598.57	-767.985	6472.93	0.876179
1600.36	-767.968	6474.87	0.876208
1601.17	-767.855	6475.69	0.876237
1601.25	-767.616	6475.51	0.876267
1600.88	-765.782	6475.78	0.876295
1600.29	-763.556	6475.58	0.876323
1599.71	-761.838	6474.47	0.876351
1599.21	-761.083	6472.61	0.876379
