1502.94	-995.852	6491.93	0.911694
1502.23	-1000.85	6489.9	0.911964
1500.25	-1013.46	6484.67	0.912556
1495.77	-1037.57	6474.32	0.913548
1487.67	-1074.17	6457.99	0.914316
1475.77	-1121.62	6435.73	0.91555
1459.62	-1148.12	6417.79	0.916521
1441.48	-1142.32	6408.24	0.917206
1420.95	-1112.53	6403.35	0.917897
1401.7	-1072.72	6398.04	0.918521
1387.86	-1033.64	6389.67	0.918796
1377.65	-1008.74	6373.8	0.919027
1370.91	-996.68	6352.75	0.919066
1365.26	-999.611	6326.29	0.919148
1359.34	-1007.25	6302.08	0.919155
1350.95	-1013.11	6288.34	0.919207
1343.46	-1014.16	6285.94	0.919211
1336.33	-1009.31	6296.64	0.919291
1331.94	-996.361	6318.7	0.919345
1333.97	-978.752	6350.3	0.919349
1344.42	-967.303	6383.95	0.919292
1362.29	-963.672	6415.52	0.919223
1382.37	-968.108	6441.68	0.919177
1402.83	-970.903	6460.67	0.919068
1420.62	-978.886	6474.38	0.91906
1433.38	-980.283	6488.19	0.919092
1441.65	-984.447	6497.61	0.919089
1445.71	-982.255	6507.83	0.919129
1445.36	-970.689	6516.46	0.919091
1442.16	-956.684	6519.05	0.919016
1436.64	-940.139	6514.75	0.918929
1429.61	-927.328	6501.55	0.918852
1420.28	-923.373	6475.9	0.918752
1408.79	-921.477	6439.66	0.918653
1390.36	-920.812	6401.11	0.918655
1366.23	-921.375	6362.32	0.918679
1338.05	-920.978	6330.86	0.918771
1310.36	-924.999	6304.78	0.918864
1283.3	-921.335	6294.58	0.918984
1258.65	-907.076	6297.62	0.91906
1239.63	-883.685	6312.16	0.919114
1226.85	-862.526	6332.38	0.919151
1221.85	-847.677	6354.73	0.919172
1223.03	-840.717	6373.78	0.919174
1228.41	-842.433	6387.59	0.919171
1233.72	-854.088	6396.62	0.919165
1235.86	-873.641	6397.55	0.919146
1231.39	-900.365	6389.95	0.919122
1218.79	-924.485	6379.61	0.919098
1203.42	-963.502	6356.07	0.919097
1183.58	-1015.26	6318.94	0.919096
1157.7	-1061.15	6272.01	0.919098
1122.54	-1092.77	6222.09	0.919107
1079.61	-1106	6180.11	0.919115
1034.09	-1095.48	6149.04	0.919123
994.993	-1076.96	6129.6	0.919116
962.05	-1038.76	6127.21	0.919101
936.824	-984.673	6143.4	0.919051
919.574	-924.426	6173.56	0.918999
912.609	-869.828	6211.64	0.918936
912.945	-824.268	6253.42	0.918877
921.462	-798.286	6294.52	0.918808
933.503	-795.744	6329.35	0.918745
943.342	-805.347	6357.6	0.918684
945.832	-820.72	6380.26	0.918628
941.305	-842.494	6389.59	0.918569
929.492	-863.818	6387.29	0.918511
911.599	-881.669	6370.38	0.918465
886.892	-883.528	6346.18	0.918428
856.999	-875.011	6317.03	0.918377
823.541	-854.773	6283.39	0.91833
790.853	-839.49	6243.29	0.918279
763.896	-870.883	6183.59	0.91827
739.091	-929.719	6111.27	0.918275
710.32	-992.793	6036.76	0.918276
672.055	-1038.28	5972.06	0.918279
626.473	-1056.83	5924.4	0.91828
581.647	-1053.08	5895.39	0.918281
543.455	-1036.53	5885.73	0.918278
515.702	-1014.48	5894.53	0.91827
500.046	-994.868	5918.44	0.918262
498.907	-985.601	5947.93	0.918255
506.387	-984.621	5978.83	0.918247
516.139	-972.19	6017.98	0.918206
523.859	-948.464	6062.88	0.918154
529.902	-925.443	6105.4	0.91811
534.265	-905.901	6141.52	0.918065
535.514	-891.417	6170.84	0.918024
534.689	-885.431	6190.58	0.917979
530.583	-885.469	6202.98	0.917935
524.234	-890.721	6207.75	0.917899
517.912	-904.38	6206.23	0.917855
510.145	-920.65	6197.77	0.917812
504.265	-954.522	6175.9	0.917796
497.365	-995.167	6150.46	0.917776
486.715	-1033.06	6122.74	0.91776
470.923	-1064.51	6097.53	0.917751
452.485	-1084.25	6079.89	0.917738
432.506	-1095.25	6071.15	0.917727
412.366	-1096.67	6073.09	0.917713
395.566	-1092.15	6082.83	0.917705
382.271	-1080.06	6101.24	0.917698
378.402	-1073.51	6124	0.917696
380.254	-1070.59	6150.65	0.917692
385.977	-1062	6178.38	0.917679
388.286	-1023.98	6214.94	0.917635
387.71	-965.892	6257.85	0.917583
387.073	-905.963	6297.42	0.917533
387.738	-856.765	6331.52	0.917483
389.755	-813.868	6354.17	0.917433
390.978	-780.918	6365.47	0.917389
389.055	-756.848	6367.54	0.917347
381.006	-739.3	6365.37	0.917309
367.195	-731.404	6356.87	0.917276
349.711	-730.15	6344.86	0.917244
333.091	-738.848	6327.43	0.917216
315.501	-742.861	6313.42	0.917177
300.609	-743.631	6296.2	0.917142
290.696	-752.284	6272.09	0.917116
281.067	-760.407	6248.87	0.917085
269.57	-761.486	6230.51	0.917054
256.246	-759.569	6217.03	0.917028
240.632	-754.295	6206.87	0.916998
225.518	-770.115	6194.95	0.916991
212.754	-804.711	6181.48	0.916995
201.325	-844.985	6167.02	0.916998
190.537	-876.103	6155.62	0.917
178.56	-891.753	6151.04	0.917
165.121	-890.233	6150.62	0.917001
150.622	-878.579	6154.56	0.917001
133.953	-867.984	6161.1	0.917006
121.463	-849.978	6165.76	0.916998
111.269	-838.363	6169.45	0.916992
105.459	-831.15	6172.97	0.91698
102.81	-833.53	6174.18	0.916973
100.604	-838.86	6174.72	0.916962
97.3054	-847.099	6174	0.916952
94.315	-869.22	6170.24	0.916958
92.587	-897.584	6164.93	0.916961
88.7253	-918.631	6166.04	0.916959
84.867	-932.17	6171.7	0.916963
81.4132	-952.636	6179.77	0.916982
79.5317	-969.399	6191.11	0.916998
79.5148	-973.548	6206.26	0.917012
81.2565	-966.805	6227.55	0.917032
87.387	-953.122	6251.55	0.917054
96.6966	-939.389	6274.06	0.917078
109.716	-942.375	6290.43	0.917108
122.309	-961.96	6301.08	0.917149
131.994	-987.318	6307.49	0.917192
136.071	-1009.7	6313.19	0.917231
136.851	-1014.95	6321.66	0.917258
135.534	-1006.39	6331.17	0.917285
134.595	-985.978	6338.94	0.917306
136.105	-975.785	6338.79	0.917344
137.529	-975.171	6334.52	0.917383
138.138	-980.478	6328.02	0.917418
133.796	-989.34	6322.61	0.917454
122.656	-1005.47	6328.33	0.917493
109.103	-1026.78	6332.64	0.917531
98.1091	-1047.22	6336.08	0.917572
95.3938	-1037.16	6338.48	0.917589
95.2733	-1009.67	6344.34	0.917607
97.3273	-978.064	6350.46	0.917626
100.757	-953.089	6354.48	0.917644
105.341	-939.197	6358.29	0.917667
108.491	-939.035	6363.04	0.917696
108.401	-959.569	6369.5	0.917733
108.59	-981.617	6376.49	0.917767
108.226	-995.978	6382.6	0.917798
104.22	-1001.62	6389.46	0.917832
94.5141	-1010.3	6401.57	0.91787
84.8024	-1024.74	6415.42	0.91791
77.8417	-1040.12	6427.53	0.917952
78.3204	-1049.52	6433.98	0.917991
83.7828	-1053.47	6432.19	0.918034
92.9304	-1040.42	6423.1	0.918061
95.1933	-1025.9	6392.5	0.918069
87.1422	-1010.91	6347.41	0.918069
70.5063	-996.41	6295.61	0.918067
48.1763	-980.953	6245.2	0.91806
21.0967	-973.939	6201.46	0.918063
-4.15248	-963.494	6165.1	0.918053
-24.2766	-956.034	6135.15	0.918052
-41.213	-951.315	6116.32	0.918044
-52.8928	-946.722	6109.83	0.918041
-57.783	-934.183	6114.96	0.918037
-57.8606	-914.565	6127.51	0.918034
-56.3953	-889.565	6140.86	0.918034
-57.6911	-876.69	6153.46	0.918045
-59.0363	-869.877	6163.99	0.91804
-61.7104	-869.243	6171.49	0.918043
-66.2927	-874.292	6175.38	0.918046
-70.7656	-880.846	6176.73	0.918054
-73.3597	-881.785	6180.27	0.918055
-75.0648	-887.349	6181.84	0.918066
-75.4186	-911.207	6171.5	0.918048
-76.2972	-946.769	6147.35	0.918025
-81.589	-995.103	6110.89	0.918001
-91.8908	-1031.2	6077.98	0.917985
-108.482	-1046.43	6050.67	0.917964
-128.26	-1045.2	6025.11	0.917938
-148.432	-1035.5	6002.15	0.917909
-168.14	-1029.88	5987.61	0.917883
-183.072	-1019.58	5987.26	0.917866
-195.744	-1017.63	5996.96	0.91785
-198.87	-1006.85	6022.15	0.917833
-193.854	-998.712	6068.32	0.917837
-186.517	-1010.59	6104.32	0.917814
-179.59	-1019.97	6131.5	0.917798
-179.276	-1027.97	6142.49	0.917773
-184.19	-1034.08	6140.88	0.917751
-190.804	-1042.2	6127.4	0.917719
-198.347	-1032.99	6113.96	0.917702
-206.212	-1018.68	6101.58	0.917678
-215.194	-1005.58	6090.26	0.917655
-224.479	-993.89	6079.3	0.917635
-230.676	-982.185	6075.84	0.917618
-233.376	-972.795	6078.84	0.9176
-234.385	-961.638	6086.21	0.917583
-235.739	-958.295	6098.28	0.917568
-234.671	-946.997	6120.66	0.917554
-232.37	-942.29	6145.05	0.917537
-233.126	-943.837	6168.11	0.91753
-235.514	-952.312	6177.56	0.9175
-235.215	-943.129	6182.59	0.917474
-229.884	-932.6	6184.11	0.917441
-226.775	-914.192	6182.75	0.917422
-226.557	-909.093	6168.52	0.917393
-231.391	-915.697	6145.01	0.917366
-243.879	-929.349	6111.9	0.91734
-258.244	-934.521	6074.21	0.917307
-270.719	-922.712	6040.34	0.917285
-281.485	-917.826	6011.55	0.917259
-287.849	-923.326	5998.54	0.917239
-289.29	-938.55	6006.36	0.917226
-290.46	-959.533	6036.9	0.917217
-290.919	-995.905	6086.94	0.917221
-287.825	-1034.62	6149.1	0.917227
-278.376	-1062.76	6214.69	0.917233
-262.502	-1070.32	6276.63	0.917236
-243.059	-1063.81	6332.26	0.917237
-219.568	-1035.43	6376.56	0.91723
-196.496	-995.703	6408.3	0.917227
-177.173	-959.647	6426.2	0.91723
-164.063	-933.935	6432.48	0.917232
-159.321	-916.644	6429.8	0.917236
-162.496	-914.756	6415.58	0.917241
-171.597	-929.185	6389.7	0.917242
-181.807	-946.572	6359.89	0.917243
-192.128	-973.59	6333.6	0.917253
-198.541	-996.489	6311.11	0.917265
-200.566	-1010.9	6297.07	0.917279
-199.103	-1012.79	6294.99	0.917295
-199.624	-1006.25	6304.3	0.917308
-201.292	-998.375	6325.26	0.917324
-202.418	-991.026	6353.64	0.91734
-203.934	-989.047	6388.54	0.917354
-200.674	-990.48	6421.38	0.91737
-192.338	-995.033	6444.37	0.917382
-180.229	-1000.15	6459.66	0.9174
-169.118	-1008.48	6460.78	0.917414
-160.316	-1018.43	6452.21	0.917427
-154.882	-1027.31	6439.07	0.917435
-155.13	-1032.04	6421.53	0.917446
-168.277	-1022.19	6376.24	0.917434
-191.77	-1018.4	6309.03	0.917436
-216.731	-1002.3	6225.31	0.917413
-240.452	-976.555	6133.11	0.917382
-263.081	-949.278	6041.3	0.917358
-282.443	-924.998	5965.96	0.917338
-296.132	-914.543	5903.6	0.917304
-302.71	-917.863	5854.55	0.917264
-306.081	-919.983	5821.51	0.917223
-305.319	-931.361	5806.68	0.91718
-301.266	-940.144	5811.28	0.917139
-295.729	-934.847	5832.3	0.917097
-288.605	-931.299	5859.94	0.917069
-279.515	-925.006	5884.6	0.91704
-272.706	-919.643	5896.09	0.917004
-266.216	-917.094	5895.12	0.91697
-258.282	-910.664	5891.06	0.91694
-248.403	-896.883	5891.49	0.916919
-236.201	-883.533	5903.51	0.916901
-221.081	-882.945	5922.7	0.9169
-205.274	-886.708	5947.83	0.9169
-189.693	-891.834	5975.65	0.916906
-176.083	-891.728	6002.2	0.916917
-166.69	-893.857	6013.18	0.916909
-160.075	-897.683	6003.16	0.916899
-157.785	-888.163	5979.36	0.916893
-161.772	-870.271	5943.98	0.916882
-169.411	-863.672	5893.32	0.916844
-178.261	-850.189	5846.95	0.916814
-185.676	-833.021	5812.48	0.916797
-195.481	-808.299	5789.72	0.916783
-204.124	-789.163	5774.64	0.916779
-214.349	-779.327	5769.29	0.916776
-223.452	-777.038	5773.26	0.916779
-227.203	-772.121	5783.21	0.91678
-224.969	-767.61	5791.75	0.916781
-220.165	-766.44	5792.57	0.916778
-217.362	-769.179	5790.89	0.916775
-217.746	-769.664	5782.17	0.916765
-223.04	-772.771	5771.49	0.916758
-231.701	-778.246	5757.97	0.916757
-242.993	-786.99	5742.9	0.916759
-255.26	-790.54	5728.32	0.916759
-268.392	-785.065	5717.25	0.916754
-283.123	-780.102	5707.79	0.916755
-297.394	-779.055	5699.85	0.916756
-309.056	-777.207	5693.37	0.916758
-319.423	-772.51	5687.28	0.916758
-330.596	-769.224	5680.97	0.916758
-342.256	-763.574	5676.58	0.916755
-351.393	-760.303	5677.73	0.916751
-358.379	-767.627	5678.11	0.916757
-363.634	-771.259	5679.32	0.916755
-367.417	-767.347	5680.07	0.91675
-372.509	-760.846	5681.32	0.916746
-378.334	-754.976	5684.46	0.916744
-386.36	-748.409	5687.09	0.916745
-394.924	-742.734	5691.09	0.916745
-402.434	-736.453	5694.28	0.916744
-408.414	-729.976	5698.86	0.916747
-410.441	-721.295	5703.02	0.916745
-409.009	-712.365	5706.26	0.916742
-406.364	-705.037	5705.9	0.916739
-403.503	-701.877	5702.04	0.916735
-403.767	-702.526	5695.62	0.916731
-407.351	-706.035	5685.65	0.916728
-413.807	-713.336	5675.5	0.916728
-420.689	-723.45	5666.22	0.916725
-426.822	-736.351	5655.77	0.916719
-432.242	-745.819	5644.57	0.916717
-436.043	-751.214	5634.05	0.916715
-437.99	-749.773	5621.82	0.91671
-439.021	-741.703	5610.14	0.916709
-439.707	-740.138	5594.46	0.916698
-439.714	-740.789	5576.51	0.916684
-439.057	-741.087	5557.54	0.916672
-439.317	-740.057	5540.49	0.916658
-441.281	-737.465	5527.44	0.916646
-442.302	-735.757	5518.96	0.916629
-442.225	-729.422	5515.11	0.916614
-440.325	-722.155	5512.78	0.916598
-436.621	-715.686	5509.76	0.916584
-432.996	-715.113	5509.5	0.916573
-427.522	-717.343	5503.61	0.916557
-422.848	-718.706	5494.73	0.916545
-418.861	-714.818	5486.18	0.916538
-414.428	-708.051	5474.5	0.916529
-410.683	-698.371	5460.22	0.916523
-409	-689.099	5440.9	0.916516
-408.794	-685.206	5416.74	0.916505
-410.207	-682.447	5391.14	0.916497
-411.426	-691.172	5362.31	0.91649
-414.639	-705.949	5333.13	0.916489
-420.235	-718.786	5309.18	0.916492
-426.048	-726.132	5291.31	0.916494
-431.737	-721.25	5278.72	0.916498
-437.264	-710.812	5268.75	0.916498
-442.81	-697.948	5260.02	0.916498
-448.288	-686.536	5250.94	0.9165
-453.626	-678.85	5240.49	0.916502
-460.206	-675.05	5230.47	0.916503
-467.581	-671.451	5221.27	0.916502
-476.449	-661.688	5212.01	0.916496
-487.08	-652.864	5200.25	0.916485
-498.446	-644.899	5184.29	0.916476
-509.701	-638.502	5163.04	0.916467
-521.91	-633.404	5138.65	0.916456
-535.594	-622.711	5117.78	0.916448
-551.922	-610.565	5102.25	0.916442
-569.23	-600.64	5090.72	0.916441
-587.555	-597.8	5080.56	0.916438
-604.864	-598.19	5071.85	0.916442
-620.444	-594.135	5065.8	0.916457
-633.539	-587.629	5060.42	0.916469
-645.412	-575.055	5060.13	0.916477
-654.325	-561.45	5054.97	0.916488
-660.448	-547.677	5049.34	0.916502
-665.894	-535.973	5037.75	0.916515
-671.187	-524.513	5022.18	0.916529
-674.941	-518.436	5000.52	0.916538
-678.815	-514.482	4976.23	0.916546
-682.338	-506.92	4953.69	0.916557
-686.546	-507.285	4928.47	0.916548
-690.812	-505.839	4905.91	0.91655
-695.043	-504.113	4888.79	0.916552
-695.128	-527.309	4861.9	0.916516
-690.768	-561.646	4828.98	0.916477
-687.305	-591.046	4796.78	0.916431
-683.013	-611.516	4764.13	0.916378
-679.316	-621.955	4729.9	0.916327
-678.024	-621.064	4698.48	0.916274
-678.648	-608.99	4671.37	0.916225
-680.926	-592.884	4649.45	0.916177
-683.124	-581.455	4627.71	0.916128
-684.476	-578.423	4607.07	0.916081
-686.312	-579.642	4591.88	0.916033
-684.668	-580.689	4581.08	0.915989
-681.669	-579.473	4572.19	0.915942
-678.105	-576.693	4564.35	0.915895
-673.859	-572.953	4558.87	0.915843
-671.787	-565.218	4551.42	0.915796
-671.076	-557.502	4541.14	0.915748
-673.373	-551.947	4532.05	0.915697
-674.257	-542.942	4517.9	0.91564
-678.923	-536.619	4504.57	0.915588
-688.557	-539.031	4498.22	0.91554
-697.91	-544.503	4497.92	0.915493
-703.817	-549.318	4499.29	0.915445
-705.497	-551.256	4502.21	0.915399
-706.015	-546.903	4506.85	0.91535
-704.237	-538.909	4509.94	0.915304
-702.267	-529.232	4509.2	0.915256
-701.799	-519.717	4503.54	0.91521
-704.793	-513.186	4494.39	0.915164
-712.69	-502.346	4486.66	0.915133
-720.937	-493.61	4482.41	0.9151
-728.723	-482.083	4481.84	0.915075
-735.928	-471.416	4483.89	0.915048
-741.857	-462.478	4489.97	0.91503
-747.987	-459.993	4492.79	0.914999
-754.486	-458.765	4493.91	0.914971
-761.798	-458.96	4491.22	0.914944
-770.948	-456.838	4488.93	0.914918
-782.028	-454.432	4482.75	0.914885
-794.512	-454.084	4469.76	0.914843
-809.508	-456.797	4454.83	0.9148
-826.989	-459.437	4439.52	0.914755
-843.769	-459.652	4421.31	0.9147
-858.231	-458.724	4401.76	0.914646
-871.602	-458.929	4387.79	0.914592
-885.985	-458.202	4383.13	0.91454
-896.97	-454.429	4377.81	0.914484
-908.985	-454.389	4382.34	0.914433
-918.948	-455.594	4386.62	0.914377
-926.333	-454.334	4390.85	0.914319
-931.358	-451.614	4394.02	0.914265
-933.423	-444.915	4396.85	0.914204
-935.195	-439.644	4395.53	0.914145
-933.852	-422.807	4386.23	0.914065
-931.265	-403.276	4371.05	0.913992
-929.86	-390.478	4350.17	0.913917
-930.889	-384.007	4329.16	0.913837
-934.632	-386.704	4309.05	0.913758
-939.176	-391.349	4303.1	0.913697
-941.552	-394.037	4320.31	0.91365
-939.169	-389.11	4356.58	0.913612
-932.664	-380.117	4406.66	0.913585
-922.955	-367.975	4461.18	0.913562
-928.159	-401.317	4531.01	0.913615
-937.832	-457.125	4606.21	0.913668
-943.308	-501.19	4680.52	0.913706
-937.046	-505.581	4740.73	0.91372
-920.714	-481.966	4776.22	0.913747
-904.587	-443.69	4789.69	0.91377
-885.141	-388.979	4771.45	0.913772
-894.97	-401.622	4690.66	0.913768
-919.614	-435.478	4569.62	0.913729
-951.273	-473.891	4437.95	0.913685
-981.19	-506.577	4336.7	0.913658
-996.374	-514.158	4273.01	0.913612
-999.785	-504.555	4245.83	0.913547
-998.243	-483.928	4247.83	0.913483
-991.947	-458.829	4280.11	0.913432
-986.221	-442.754	4318.68	0.913369
-981.284	-436.053	4355.12	0.913309
-977.646	-440.051	4384.24	0.913251
-975.828	-455.452	4400.78	0.913195
-977.077	-465.683	4419.63	0.913146
-978.641	-467.481	4439.78	0.9131
-981.389	-468.303	4447.2	0.913037
-982.413	-464.936	4448.15	0.91298
-981.403	-468.957	4438.21	0.912935
-981.307	-468.672	4422.36	0.91287
-982.321	-457.86	4414.96	0.912819
-986.383	-450.624	4404.16	0.912752
-992.374	-441.716	4394.65	0.91269
-1000.05	-441.522	4382.99	0.91262
-1009.61	-447.148	4379.86	0.912563
-1015.51	-458.119	4377.75	0.912497
-1020.61	-472.35	4385.93	0.912444
-1023.44	-485.703	4404.88	0.912398
-1024.98	-498.9	4421.85	0.912338
-1023.59	-503.337	4443.99	0.912289
-1022.03	-502.902	4459.31	0.912232
-1020.67	-498.676	4460.5	0.912169
-1022.33	-493.76	4447.36	0.912103
-1032.05	-518.13	4426.56	0.912081
-1043.16	-529.133	4408.4	0.912026
-1049.19	-523.356	4391.33	0.911962
-1050.36	-507.115	4373.71	0.911891
-1053.58	-520.209	4360.49	0.911873
-1058.4	-550.191	4356.49	0.911857
-1058.97	-550.518	4367.92	0.911806
-1056.21	-526.701	4381.84	0.911748
-1048.44	-493.201	4407.31	0.911703
-1041.65	-463.271	4413.79	0.911639
-1040.78	-451.466	4423.44	0.911592
-1074.44	-475.098	4494.84	0.91156
-1143.2	-492.31	4659.23	0.911479
-1214.02	-491.33	4887.65	0.911397
-1254.85	-474.61	5135.55	0.911337
-1229.49	-450.309	5330.81	0.911317
-1169.25	-434.394	5412.08	0.911276
-1103.05	-407.474	5361.59	0.911249
-1038.69	-380.816	5178.39	0.911222
-971.458	-337.581	4877.83	0.911176
-933.569	-295.723	4515.87	0.911127
-942.441	-282.874	4168.88	0.911078
-996.282	-304.818	3912.87	0.911021
-1081.3	-362.646	3800.86	0.910982
-1162.75	-420.187	3818.36	0.910969
-1211.32	-457.956	3926.42	0.91096
-1219.36	-470.252	4078.78	0.910951
-1193.02	-461.061	4237.15	0.910939
-1150.73	-439.566	4375.05	0.910933
-1106.24	-409.324	4475.51	0.910936
-1070.76	-380.52	4527.52	0.910935
-1038.61	-335.851	4513.09	0.91091
-1019.32	-290.34	4444.03	0.910883
-1016.71	-256.35	4342.82	0.910865
-1050.55	-264.673	4247.04	0.910861
-1092.82	-305.643	4177.12	0.910855
-1126.94	-354.077	4144.8	0.910849
-1146.59	-398.26	4153.95	0.910856
-1194.48	-443.062	4264.37	0.910849
-1246.56	-481.109	4436.77	0.910851
-1288.21	-509.149	4634.7	0.91086
-1321.41	-538.949	4841.15	0.91088
-1337.47	-557.726	5022.84	0.910891
-1337.88	-566.854	5153.66	0.910897
-1313.47	-579.105	5241.4	0.910887
-1276.74	-583.39	5280.24	0.910884
-1242.25	-583.92	5274.39	0.91088
-1215.63	-585.696	5235.47	0.910871
-1200.54	-587.869	5173.91	0.910866
-1199.14	-591.663	5105.72	0.910866
-1201.06	-602.663	5036.18	0.910856
-1207.13	-605.183	4980.98	0.910857
-1212.91	-601.064	4941.85	0.91086
-1217.05	-592.563	4924.08	0.910862
-1217.67	-596.191	4922.99	0.910851
-1214.88	-603.255	4935.61	0.910848
-1206.89	-607.057	4953.02	0.910846
-1195.06	-605.974	4967.97	0.910846
-1180.33	-604.667	4975.16	0.910835
-1165.96	-600.199	4976.07	0.910831
-1151.89	-596.097	4960.51	0.910832
-1139.87	-594.712	4929.13	0.91084
-1133.42	-591.259	4887.11	0.910849
-1134.67	-588.025	4840.42	0.910857
-1137.64	-603.63	4804.36	0.910846
-1136.76	-633.429	4782.82	0.910826
-1120.33	-655.401	4772.26	0.910828
-1095.71	-636.779	4767.33	0.910773
-1036.19	-561.805	4715.72	0.910698
-962.054	-467.577	4622.74	0.910644
-903.01	-385.166	4518.04	0.9106
-877.183	-340.432	4422.58	0.910559
-884.471	-338.355	4342.39	0.910507
-918.147	-372.453	4291.42	0.910451
-958.444	-417.4	4273.54	0.910394
-991.021	-453.016	4282.12	0.910331
-1007.69	-470.135	4309.93	0.91027
-1005.69	-470.913	4345.18	0.910213
-993.521	-456.513	4378.92	0.910146
-974.894	-437.775	4404.77	0.910083
-962.452	-423.051	4402.29	0.910009
-955.443	-412.178	4393.1	0.909943
-953.67	-407.553	4377.89	0.909879
-957.511	-409.196	4362.23	0.909811
-961.541	-413.999	4355.17	0.909755
-967.492	-426.025	4356.18	0.909695
-976.946	-443.106	4378.2	0.909644
-980.931	-453.768	4415.58	0.9096
-975.227	-452.23	4460.7	0.909554
-959.935	-439.733	4500.96	0.909514
-945.925	-425.162	4513.8	0.909453
-933.767	-407.262	4505.82	0.909396
-945.226	-403.405	4469.6	0.909337
-963.03	-408.841	4432.41	0.909289
-980.051	-419.164	4405.2	0.90924
-993.717	-431.282	4387.58	0.909191
-999.623	-439.275	4379.28	0.90914
-999.792	-441.814	4377.99	0.909086
-998.213	-442.502	4384.41	0.909033
-998.717	-432.619	4370.1	0.908967
-1006.22	-417.804	4348.31	0.908921
-1017.94	-399.042	4326.21	0.908878
-1025.68	-378.602	4306.17	0.908839
-1036.82	-366.6	4303.75	0.908788
-1033.1	-346.827	4299.49	0.908722
-1020.3	-327.931	4292.33	0.908658
-1003.43	-323.058	4278.64	0.908608
-1007.53	-339.097	4287.69	0.908552
-1010.88	-357.419	4297.62	0.9085
-1023.78	-365.357	4273.58	0.908451
-1041.65	-354.465	4228.96	0.908421
-1058.29	-337.989	4176.98	0.908387
-1072.14	-327.289	4126.3	0.908355
-1075.1	-325.541	4082.52	0.908322
-1074.22	-334.54	4050.74	0.908274
-1070.71	-341.945	4039.66	0.908236
-1065.72	-350.866	4050.05	0.908204
-1057.99	-353.476	4070.47	0.908169
-1050.4	-352.386	4096.82	0.908135
-1045.28	-348.944	4123.16	0.908098
-1041.06	-346.429	4144.04	0.908065
-1035.61	-338.386	4152.35	0.908023
-1028.43	-330.137	4148.63	0.907985
-1021.25	-323.615	4137.96	0.907945
-1015.63	-320.18	4125.67	0.907903
-996.061	-331.567	4126.49	0.907843
-968.214	-353.122	4153.26	0.907776
-935.571	-382.19	4204.17	0.907706
-906.925	-407.489	4263.4	0.907637
-887.032	-419.794	4323.14	0.907563
-872.592	-414.63	4370.58	0.907493
-858.271	-396.583	4398.27	0.907425
-841.254	-369.406	4402.97	0.907355
-819.887	-342.28	4381.26	0.907285
-797.938	-322.119	4340.24	0.90721
-780.839	-312.941	4288.2	0.907143
-771.587	-314.115	4236.77	0.907075
-766.857	-325.484	4195.81	0.907008
-770.085	-349.823	4176.74	0.90695
-771.039	-382.928	4181.37	0.906903
-759.87	-414.547	4206.08	0.906856
-734.767	-430.629	4243.65	0.906808
-703.475	-429.071	4279.78	0.906763
-671.717	-413.057	4306.15	0.906714
-647.036	-390.729	4317.48	0.906664
-634.098	-371.059	4309.74	0.906614
-630.68	-362.038	4288.32	0.906562
-631.036	-362.676	4257.72	0.906518
-630.445	-372.104	4227.73	0.90648
-623.652	-386.484	4196.6	0.906437
-617.877	-400.104	4172.89	0.906398
-615.355	-403.603	4155.36	0.906362
-610.188	-399.493	4139.44	0.906329
-604.329	-409.963	4132.58	0.906275
-600.647	-423.031	4132.4	0.906219
-599.274	-433.903	4134.63	0.906165
-599.734	-437.731	4135.77	0.906112
-598.924	-420.787	4128.3	0.90608
-593.605	-390.262	4116.31	0.906059
-584.842	-364.488	4100.72	0.906035
-578.682	-350.081	4085.03	0.906015
-572.804	-339.27	4078.33	0.90601
-567.77	-341.969	4076.1	0.90599
-568.033	-355.238	4073.54	0.905956
-565.398	-365.786	4077.52	0.905941
-563.705	-372.994	4078.22	0.905919
-563.387	-371.555	4076.78	0.905891
-558.909	-358.563	4085.62	0.905873
-551.111	-340.583	4094.69	0.905862
-547.411	-320.608	4100.28	0.905845
-552.646	-303.14	4087.34	0.905815
-558.273	-293.835	4062.17	0.905782
-563.072	-293.874	4023.96	0.90575
-562.43	-298.295	3997	0.905719
-560.076	-306.663	3969.22	0.905685
-556.35	-315.561	3948.55	0.905649
-557.294	-320.674	3942.22	0.905601
-562.965	-322.896	3951.36	0.905558
-565.876	-319.448	3968.74	0.905527
-567.931	-301.486	3975.39	0.9055
-561.872	-273.714	3965.93	0.905467
-554.346	-241.18	3942.55	0.905427
-546.291	-222.693	3921.18	0.90539
-540.623	-228.33	3898.32	0.90534
-546.547	-254.786	3882.53	0.905301
-553.359	-275.678	3870.95	0.905263
-561.324	-283.057	3870.86	0.905231
-558.806	-272.8	3874.48	0.905193
-555.81	-257.113	3890.97	0.905152
-543.731	-239.8	3907.6	0.905116
-539.454	-225.332	3938.18	0.905079
-528.883	-220.689	3961.85	0.90504
-512.946	-220.043	3968.91	0.905005
-502.549	-219.924	3971.19	0.904969
-498.188	-219.278	3967.48	0.904928
-497.873	-216.782	3961.35	0.90489
-497.657	-213.728	3948.63	0.904847
-494.797	-208.399	3931.49	0.904805
-490.561	-202.173	3915.55	0.904764
-486.995	-198.839	3900.84	0.904725
-483.133	-200.927	3887.69	0.904685
-478.925	-207.026	3878.42	0.904648
-472.798	-211.743	3871.61	0.904612
-468.956	-214.648	3865.11	0.904574
-473.153	-226.344	3852.66	0.90454
-474.174	-246.966	3833.19	0.904521
-465.5	-261.242	3833.42	0.904516
-451.221	-268.29	3845.02	0.904503
-435.155	-269.615	3858.66	0.904486
-417.032	-266.819	3866.61	0.904462
-401.156	-258.681	3867.16	0.904436
-389.171	-245.506	3855.37	0.904413
-383.301	-234.504	3832.82	0.904393
-381.884	-231.151	3806.32	0.904372
-384.423	-238.552	3785.35	0.904353
-388.035	-249.693	3777.4	0.904336
-389.229	-261.206	3783.11	0.90431
-384.992	-267.621	3799.98	0.904285
-372.055	-267.14	3822.03	0.904261
-354.116	-259.019	3841.51	0.90424
-337.084	-247.917	3850.06	0.904227
-325.889	-238.619	3845	0.904214
-322.744	-233.734	3828.66	0.904201
-325.099	-231.811	3810.5	0.904188
-330.045	-232.963	3795.98	0.904171
-335.219	-233.551	3789.98	0.904157
-337.23	-234.673	3786.81	0.904138
-334.474	-233.069	3786.48	0.904115
-335.625	-220.822	3795.25	0.904067
-333.027	-222.063	3806.41	0.904042
-328.037	-223.461	3813.03	0.904019
-322.147	-218.283	3823.69	0.903978
-321.084	-215.724	3830.71	0.903934
-319.536	-219.345	3832.41	0.90389
-319.409	-218.139	3831.67	0.903852
-320.203	-214.449	3829.48	0.903814
-335.8	-209.072	3808.49	0.903774
-352.585	-203.717	3769.16	0.903745
-354.686	-199.665	3742.19	0.90371
-348.518	-203.432	3735.37	0.903674
-340.999	-215.673	3748.05	0.903637
-334.301	-233.807	3769.6	0.903606
-325.588	-246.533	3793.77	0.903588
-320.347	-252.506	3811.91	0.903565
-314.662	-246.873	3828.02	0.903543
-310.859	-233.794	3834.29	0.903518
-309.116	-218.74	3829.11	0.903497
-309.864	-208.996	3813.03	0.903476
-316.394	-218.657	3780.65	0.903434
-327.176	-238.013	3753.91	0.903389
-336.835	-260.213	3740.16	0.903352
-345.496	-272.498	3745.9	0.903313
-351.17	-269.205	3762.13	0.90327
-353.521	-254.019	3779.95	0.903221
-351.227	-237.766	3790.75	0.903173
-348.322	-233.445	3788.1	0.903134
-347.088	-237.811	3774.58	0.90309
-348.291	-242.075	3760.57	0.903051
-357.005	-246.165	3747.83	0.903014
-369.302	-248.684	3736.37	0.902971
-379.871	-248.188	3730.48	0.90293
-388.083	-249.684	3729.82	0.902884
-391.983	-248.536	3725.86	0.902841
-392.561	-249.143	3719.97	0.902802
-393.322	-248.081	3715.42	0.902762
-392.868	-248.837	3717.2	0.902721
-395.729	-253.372	3718.42	0.902675
-397.404	-255.803	3720.93	0.902632
-397.279	-256.043	3723.7	0.902589
-398.07	-256.149	3721.92	0.902547
-400.173	-256.532	3715.06	0.902504
-402.665	-256.077	3706.16	0.902468
-405.282	-252.737	3698.58	0.902421
-407.785	-251.152	3693.35	0.902375
-418.46	-248.105	3683.25	0.902317
-421.713	-247.625	3676.66	0.902271
-420.526	-245.041	3676.86	0.902233
-425.413	-249.663	3667.42	0.902185
-432.592	-252.859	3653.39	0.902135
-438.494	-257.219	3637.88	0.902087
-456.617	-278.59	3596.13	0.902083
-463.528	-280.067	3578.53	0.902032
-449.369	-274.053	3607.97	0.901997
-429.808	-270.373	3661.31	0.901962
-409.509	-269.775	3719.88	0.901938
-390.579	-260.673	3773.9	0.901915
-375.731	-248.187	3805.05	0.901888
-363.788	-238.603	3806.14	0.901867
-357.636	-232.74	3784.51	0.90184
-358.715	-230.891	3754.32	0.901817
-363.34	-234.714	3735.31	0.901802
-371.012	-240.236	3724.33	0.901784
-378.15	-248.603	3722.05	0.901761
-379.405	-253.405	3729.54	0.901739
-371.624	-253.875	3753.93	0.901727
-356.668	-250.584	3783.75	0.901718
-340.984	-248.966	3798.5	0.901697
-327.173	-245.948	3798.17	0.901678
-317.767	-239.165	3788.99	0.901661
-314.744	-233.665	3775.2	0.901643
-315.841	-232.067	3764.37	0.90163
-315.565	-240.225	3752.69	0.901621
-312.312	-248.032	3746.06	0.901617
-305.739	-253.244	3742.8	0.901612
-297.044	-251.989	3741.32	0.90161
-285.629	-250.714	3739.31	0.901608
-271.317	-246.112	3738.46	0.901613
-256.781	-245.81	3739.93	0.901609
-244.887	-246.629	3741.34	0.901607
-236.334	-243.002	3746.02	0.901602
-228.619	-232.51	3753.48	0.901598
-219.217	-233.783	3756.32	0.901579
-205.233	-234.144	3762.18	0.901573
-191.927	-242.333	3761.88	0.901554
-182.204	-249.071	3759.97	0.90154
-173.938	-253.94	3756.99	0.901531
-168.245	-254.513	3755.3	0.901527
-163.097	-255.765	3755.06	0.90152
-159.681	-253.866	3755.7	0.901516
-156.406	-251.078	3755.96	0.901513
-156.437	-241.039	3766.64	0.901503
-155.18	-232.975	3782.62	0.901494
-150.565	-233.157	3797.32	0.901478
-141.34	-237.474	3808.43	0.901469
-130.547	-241.621	3813.17	0.901466
-123.079	-237.288	3815.33	0.901453
-114.454	-230.463	3811.57	0.901465
-108.529	-226.439	3800.53	0.901475
-107.874	-231.094	3780.21	0.901483
-112.312	-234.156	3763.85	0.901483
-117.528	-243.655	3752.82	0.901488
-121.744	-251.02	3746.38	0.901492
-121.462	-254.111	3741.85	0.901498
-122.984	-254.114	3742.52	0.901498
-123.422	-248.36	3746.3	0.901493
-122.97	-241.591	3751.02	0.901489
-120.101	-239.782	3752.65	0.901486
-115.75	-246.895	3752.33	0.901474
-110.187	-260.555	3747.74	0.901473
-108.034	-277.141	3735.12	0.901459
-108.602	-284.142	3719.16	0.901448
-112.956	-282.042	3701.04	0.901444
-120.841	-270.646	3683.45	0.901449
-132.157	-258.203	3669.08	0.901457
-142.657	-249.895	3657.2	0.901467
-151.014	-247.924	3648.15	0.901478
-155.365	-248.112	3640.32	0.90149
-156.399	-252.494	3630.52	0.9015
-157.703	-256.681	3620.76	0.901506
-161.011	-262.493	3610.9	0.901511
-163.668	-268.185	3601.6	0.901519
-168.481	-270.496	3592.25	0.901527
-173.544	-270.261	3585.34	0.901536
-176.26	-268.529	3579.75	0.901544
-178.805	-265.754	3575.07	0.901554
-185.801	-263.147	3563.95	0.901563
-188.196	-261.598	3559.4	0.901571
-188.098	-263.7	3560.19	0.901577
-184.482	-264.347	3566.46	0.901588
-182.766	-260.573	3572.14	0.901598
-179.756	-254.543	3575.3	0.901611
-178.17	-253.294	3571.18	0.901617
-178.341	-254.832	3563.62	0.901627
-180.387	-255.991	3556.82	0.901636
-196.752	-246.236	3525.32	0.901642
-216.269	-236.505	3486.21	0.901652
-238.578	-241.072	3456.26	0.901663
-239.956	-252.716	3466.61	0.901677
-229.02	-264.52	3502.25	0.901692
-208.816	-262.784	3547.95	0.901715
-186.036	-253.047	3585.67	0.90174
-164.204	-235.761	3607.21	0.901763
-151.135	-218.499	3606.93	0.901789
-148.727	-202.455	3593.53	0.90181
-154.53	-195.556	3572.07	0.90182
-165.676	-198.121	3551.45	0.901824
-175.267	-201.988	3540.06	0.901832
-181.474	-205.841	3539.04	0.90184
-181.137	-209.717	3550.17	0.901848
-174.421	-215.385	3567.99	0.901865
-163.158	-219.413	3587.56	0.901881
-150.306	-221.847	3604.27	0.901896
-138.753	-221.938	3616.12	0.90191
-131.39	-220.008	3620.98	0.901924
-129.978	-203.179	3628.21	0.901939
-131.332	-181.681	3636.6	0.901926
-130.554	-163.026	3642.94	0.901906
-124.852	-152.53	3647.33	0.901886
-117.529	-151.907	3650.8	0.901869
-109.643	-154.978	3654.26	0.901859
-100.857	-158.738	3659.53	0.901849
-92.4096	-162.125	3664.78	0.901837
-83.7209	-161.396	3672.01	0.901825
-75.7212	-160.185	3681.97	0.901812
-66.4981	-163.116	3691.35	0.901798
-54.2323	-166.975	3698.33	0.901786
-43.9507	-166.154	3705.92	0.901772
-29.932	-167.315	3720.51	0.901764
-9.45698	-169.982	3734.13	0.901761
14.6337	-168.665	3741.04	0.901763
36.5586	-167.639	3742.19	0.901763
52.2317	-168.421	3738.28	0.901765
60.2831	-171.682	3733.46	0.901769
61.8651	-173.489	3734.67	0.901765
64.8996	-174.799	3736.1	0.901765
70.1013	-176.42	3737.13	0.901763
76.1941	-179.263	3730.59	0.901771
84.7531	-180.332	3723.6	0.901785
92.1979	-197.609	3712.5	0.901805
93.7072	-189.953	3716.89	0.901805
100.612	-191.462	3723.95	0.901808
110.069	-190.731	3730.91	0.901818
121.459	-196.177	3735.87	0.901826
126.334	-202.815	3745.69	0.901836
134.068	-199.398	3768.91	0.901816
147.534	-196.083	3796.44	0.901801
163.204	-202.822	3820.83	0.901789
179.351	-205.02	3841.16	0.90177
192.24	-210.511	3854.82	0.901761
198.772	-208.686	3853.58	0.90176
201.003	-201.294	3841.98	0.901756
212.008	-200.395	3806.54	0.901766
223.227	-187.135	3771.23	0.901747
218.677	-187.103	3735.1	0.901744
187.609	-197.296	3732.73	0.90173
165.493	-218.134	3742.43	0.90175
160.797	-225.665	3768.19	0.901748
173.059	-223.432	3799.84	0.901747
205.748	-205.951	3815.22	0.901733
237.221	-192.727	3812.75	0.901716
248.188	-187.235	3808.9	0.901691
245.495	-194.18	3802.78	0.901692
237.466	-200.076	3802.22	0.901698
234.394	-202.542	3803.97	0.901706
238.935	-190.94	3809.14	0.90171
245.527	-185.19	3814.37	0.901714
261.247	-196.22	3803.26	0.901734
281.811	-198.884	3784.48	0.901763
293.531	-200.488	3763.07	0.901789
291.984	-212.062	3743.75	0.901801
288.766	-220.37	3726.36	0.901809
284.711	-226.703	3719.04	0.901815
281.378	-222.834	3721.67	0.901824
282.536	-219.069	3728.92	0.901828
288.114	-221.849	3737.95	0.901838
300.658	-216.85	3745.78	0.901836
313.602	-220.275	3748.01	0.901848
325.704	-218.397	3742.32	0.901849
331.119	-216.767	3732.8	0.901851
329.687	-216.94	3720.72	0.901863
321.718	-210.363	3716.99	0.901861
314.545	-210.496	3716.31	0.901857
315.779	-211.881	3713.64	0.901858
319.825	-206.851	3711.81	0.901868
325.066	-204.27	3709.33	0.901866
332.567	-211.512	3698.65	0.901886
334.939	-205.695	3690.16	0.901896
335.357	-210.773	3678.09	0.90192
334.209	-208.451	3671.63	0.90194
330.329	-197.034	3672.69	0.901961
327.738	-193.285	3677.48	0.901977
332.808	-197.968	3676.72	0.901997
338.743	-189.025	3678.7	0.902025
340.487	-186.984	3683.27	0.902059
343.3	-188.849	3684.76	0.902075
345.929	-192.672	3683.8	0.902101
344.608	-190.489	3679.49	0.902129
338.986	-179.57	3677.94	0.902146
334.448	-176.855	3676.29	0.902176
333.82	-178.708	3673.78	0.902206
335.072	-182.157	3672.06	0.902236
337.307	-181.813	3675.35	0.90226
341.653	-180.041	3685.26	0.902286
348.069	-179.058	3698.81	0.902312
356.565	-173.829	3710.89	0.902336
364.56	-168.46	3717.7	0.90236
370.862	-160.518	3722.26	0.902392
375.768	-160.614	3718.84	0.902426
374.637	-169.709	3713.57	0.902465
372.586	-173.226	3712.38	0.902497
370.542	-179.104	3716.37	0.902533
374.563	-183.558	3722.09	0.902583
380.559	-181.29	3732.97	0.902605
390.935	-178.535	3741.52	0.902638
404.422	-182.247	3746.18	0.902668
415.55	-187.541	3749.16	0.902718
427.79	-182.605	3758.2	0.902753
436.483	-171.653	3764.42	0.902785
438.43	-168.745	3770.02	0.90283
440.368	-175.754	3773.34	0.902879
452.445	-200.878	3773.4	0.902903
471.622	-222.567	3776.22	0.902927
489.632	-217.084	3783.7	0.902964
499.585	-195.688	3793.67	0.903019
504.558	-182.19	3798.66	0.903062
512.357	-194.602	3800.29	0.903083
523.254	-212.427	3804.72	0.903099
537.354	-230.482	3814.29	0.903119
558.252	-221.751	3822.3	0.903117
574.829	-203.831	3821.6	0.903116
575.967	-219.932	3825.52	0.903136
573.46	-245.405	3840.8	0.903155
577.662	-263.435	3863.51	0.903173
591.897	-270.609	3886.04	0.903191
614.171	-275.065	3902.13	0.903214
635.361	-274.834	3912.07	0.903232
650.864	-274.519	3918.04	0.903233
656.146	-278.796	3924.35	0.903229
657.071	-291.039	3929.43	0.903234
662.806	-306.733	3932.3	0.903233
670.12	-314.854	3926.47	0.903252
678.886	-321.453	3918.03	0.903261
678.114	-308.346	3904.92	0.903284
668.515	-302.708	3893.55	0.903315
663.762	-302.026	3887.78	0.903318
662.505	-310.259	3885.96	0.903328
666.035	-323.196	3892.24	0.903342
672.461	-336.503	3902.86	0.903366
684.134	-337.223	3915.35	0.903382
701.076	-332.358	3924.76	0.903392
717.073	-324.88	3918.01	0.903411
729.855	-324.958	3900.7	0.903427
728.099	-322.567	3877.5	0.903447
708.596	-294.735	3857.12	0.903478
693.781	-278.289	3841.39	0.903511
684.476	-282.864	3815.38	0.903545
676.239	-293.296	3791.39	0.903582
670.126	-303.766	3789.65	0.903616
665.637	-323.475	3811.72	0.903639
672.562	-335.127	3842.58	0.903661
694.261	-339.688	3873.58	0.903679
721.659	-337.942	3895.81	0.903697
740.212	-333.27	3899.76	0.903732
740.581	-302.484	3876.95	0.903791
727.031	-276.92	3841.76	0.903863
707.872	-260.242	3803.86	0.903926
695.236	-269.851	3785.91	0.903976
694.029	-298.339	3794.07	0.904023
708.447	-319.348	3811.13	0.904066
729.281	-336.003	3827.56	0.904104
745.493	-338.387	3841.22	0.904131
744.21	-307.655	3843.46	0.904197
738.408	-265.784	3830.3	0.904276
733.019	-231.911	3807.27	0.904342
725.141	-223.074	3777.37	0.904414
709.9	-239.108	3749.64	0.904509
698.996	-260.497	3724.38	0.904597
691.848	-271.338	3707.59	0.904675
687.275	-269.277	3722.84	0.904729
684.962	-267.201	3760	0.904769
693.951	-281.289	3799.14	0.90482
700.778	-278.703	3805.02	0.904881
705.714	-253.656	3790.5	0.904949
705.184	-233.428	3759.16	0.90502
700.222	-230.388	3734.92	0.905098
690.026	-237.431	3722.19	0.90518
725.201	-156.866	3692.57	0.90515
801.283	-112.187	3600.68	0.90519
854.953	-169.207	3457.19	0.905213
826.272	-265.511	3335.17	0.905238
725.51	-298.1	3285.28	0.905324
603.541	-214.152	3285.22	0.905325
529.607	-149.368	3309.74	0.905351
534.547	-131.778	3319.77	0.905388
578.257	-173.834	3306.33	0.905463
594.334	-242.866	3311.71	0.905569
585.241	-293.03	3336.69	0.905666
596.854	-314.423	3390.07	0.905748
597.118	-355.957	3476.93	0.905869
613.843	-384.819	3584.36	0.905997
622.988	-376.236	3689.92	0.906097
637.851	-347.953	3773.42	0.90619
672.239	-340.005	3844.23	0.906274
716.201	-345.521	3908.61	0.906348
779.809	-385.657	3973.38	0.906347
844.777	-403.665	4013.97	0.906354
884.472	-386.973	4012.44	0.906379
885.803	-347.006	3969.98	0.906437
854.056	-303.648	3908.09	0.906493
801.799	-276.259	3845.88	0.906552
739.726	-264.101	3800.01	0.906628
690.707	-268.398	3785.8	0.906702
670.184	-284.825	3807.66	0.906778
670.826	-311.573	3838.41	0.906854
692.409	-319.583	3868.03	0.906914
719.42	-324.675	3892.59	0.90697
742.938	-322.421	3908.22	0.90703
757.213	-316.701	3916.78	0.907083
760.366	-307.939	3920.59	0.907154
755.734	-299.139	3917.63	0.907226
743.323	-296.867	3908.6	0.907287
728.221	-301.124	3897.17	0.907348
716.998	-305.768	3895.3	0.907417
709.355	-319.085	3895.33	0.90747
710.319	-328.067	3915.42	0.907541
718.177	-335.346	3939.24	0.907604
729.59	-343.092	3962.63	0.907668
744.519	-344.386	3988.09	0.907738
756.471	-338.143	4011.18	0.907798
765.857	-338.729	4025.17	0.907869
774.758	-341.774	4032.1	0.907939
779.309	-361.503	4030.83	0.907988
781.627	-368.42	4039.81	0.908055
779.428	-366.835	4055.28	0.908121
777.294	-350.005	4077.39	0.908179
779.55	-340.512	4096.7	0.908256
784.973	-321.032	4110.56	0.908314
794.886	-308.13	4129.79	0.908399
801.574	-307.783	4150.86	0.908497
811.61	-308.989	4171.54	0.908588
824.155	-309.703	4187.52	0.908683
854.862	-276.053	4179.92	0.908737
872.237	-244.599	4163.55	0.908799
860.651	-272.067	4142.53	0.908914
837.689	-313.817	4129.97	0.909027
818.749	-343.422	4134.32	0.909144
811.25	-347.815	4158.29	0.909252
821.051	-333.429	4186.61	0.909359
843.97	-317.277	4212.87	0.909466
873.485	-309.398	4231.69	0.909573
899.472	-308.453	4238.57	0.909681
919.002	-313.45	4239.46	0.909786
932.876	-318.078	4244.21	0.909892
942.673	-319.713	4249.4	0.909997
948	-336.74	4247.3	0.910087
961.168	-348.967	4243.28	0.910173
979.124	-362.121	4234.1	0.910243
1003.94	-364.152	4245.58	0.910328
1022.62	-366.497	4259.5	0.910407
1039.9	-377.722	4276.08	0.910483
1062.58	-385.561	4296.57	0.910565
1088.12	-403.776	4312.53	0.910628
1114.81	-406.627	4330.93	0.910707
1138.39	-420.836	4338.63	0.910769
1160.51	-433.379	4344.02	0.910827
1183.3	-437.512	4362.36	0.910891
1210.28	-440.648	4387.17	0.91095
1233.84	-443.764	4415.3	0.911008
1265.92	-451.397	4448.5	0.911065
1287.14	-447.044	4456.55	0.911126
1304.33	-437.775	4450.08	0.911187
1311.93	-441.51	4426.29	0.91124
1306.6	-444.142	4407.18	0.9113
1295.37	-445.999	4393.91	0.911362
1282.92	-455.453	4380.76	0.911412
1275.4	-460.859	4380.76	0.911472
1281.21	-474.818	4401.23	0.911523
1289.57	-486.682	4417.32	0.911573
1305.64	-492.393	4432.39	0.911623
1322.43	-489.527	4448.6	0.911681
1343.89	-495.699	4471.65	0.911729
1351.5	-494.806	4477.02	0.911785
1350.7	-486.468	4471.14	0.911847
1337.18	-480.927	4452.87	0.911905
1320.05	-486.549	4436.29	0.911956
1301.5	-501.338	4428.68	0.912013
1285.74	-516.037	4435.57	0.912069
1280.72	-520.141	4450.15	0.912126
1287.97	-512.12	4475.68	0.91219
1299.77	-509.394	4499.25	0.91225
1310.78	-526.127	4510.83	0.912294
1319.25	-548.281	4519.8	0.912337
1325.55	-564.3	4531.56	0.912386
1325.82	-551.012	4552.71	0.912457
1319.88	-526.235	4571.17	0.91253
1315.52	-507.514	4582.87	0.912604
1316.26	-495.432	4592.59	0.912679
1316.22	-489.741	4599.06	0.912759
1316.79	-504.579	4598.95	0.912826
1318	-519.186	4603.3	0.912894
1318.97	-529.541	4612.87	0.912963
1319.89	-547.366	4619.74	0.913012
1338.81	-540.079	4667.39	0.913099
1376.2	-534.365	4746.87	0.913182
1411.47	-526.967	4805.52	0.913263
1442.12	-517.593	4830.64	0.913343
1463.14	-506.536	4818.28	0.913426
1465.79	-503.842	4778.22	0.913506
1450	-498.116	4723.09	0.91358
1413.4	-504.602	4667.26	0.913663
1366.65	-514.719	4624.33	0.913753
1324.71	-526.335	4603.06	0.913841
1299.14	-533.899	4606.7	0.913931
1295.91	-538.029	4626.1	0.914019
1311.36	-541.157	4652.66	0.914105
1340.45	-547.345	4677.81	0.914186
1372.88	-555.027	4698.71	0.914265
1405.3	-549.191	4719.15	0.914335
1430.77	-549.69	4727.42	0.914391
1449.99	-545.939	4735.22	0.914457
1461.92	-540.108	4741.16	0.914524
1466.14	-539.941	4742.55	0.914586
1466.6	-545.987	4737.49	0.914644
1469.03	-551.927	4735.01	0.914704
1472.48	-561.986	4735.57	0.914757
1481	-575.603	4742.73	0.914809
1491.99	-582.163	4758.29	0.914865
1505.66	-590.475	4772.11	0.914912
1520.79	-598.148	4779.66	0.914958
1535.34	-607.517	4784.44	0.915
1549.3	-618.557	4787.93	0.915041
1560.44	-636.523	4784.61	0.915091
1568.64	-661.463	4774.87	0.915128
1569.46	-668.823	4768.1	0.91518
1563.31	-660.491	4765.17	0.915231
1555.54	-649.284	4765.76	0.915281
1551.32	-639.193	4766.45	0.915333
1551.72	-627.742	4771.18	0.915373
1552.37	-618.378	4777.72	0.915417
1559.16	-627.722	4781.76	0.915465
1571.02	-644.732	4789.86	0.915514
1583.57	-654.756	4798.09	0.915565
1585.14	-632.104	4810.99	0.915611
1582.92	-597.393	4819.72	0.915661
1580.43	-567.765	4821.11	0.91571
1580.14	-556.984	4816.06	0.915759
1581.82	-560.362	4805.76	0.915809
1581.87	-573.005	4793.74	0.915861
1579.61	-585.968	4786.73	0.915914
1575.29	-593.755	4785.92	0.915967
1571.4	-596.973	4789.73	0.916012
1553.44	-584.77	4823.3	0.916032
1541.25	-569.149	4869.66	0.916052
1564.29	-574.94	4890.51	0.916095
1603.26	-587.493	4892.35	0.916141
1648.95	-616.877	4908.01	0.916171
1674.23	-636.884	4916.09	0.916205
1673.46	-624.969	4918.33	0.916252
1657.1	-602.078	4917.1	0.916294
1636.03	-579.831	4910.1	0.916335
1615.49	-568.394	4903.14	0.916376
1606.34	-579.904	4901.58	0.916407
1608.17	-609.915	4908.28	0.916432
1613.07	-633.772	4919.25	0.916459
1621.02	-652.843	4934.64	0.916485
1629.85	-656.223	4955.56	0.916517
1638.88	-650.537	4978.1	0.916549
1645.59	-641.772	4994.32	0.916583
1648.26	-629.534	4996.24	0.916621
1643.12	-617.502	4988.64	0.916667
1628.91	-610.869	4976.32	0.916714
1608.93	-611.024	4967.11	0.916763
1588.89	-616.222	4962.26	0.916814
1571.92	-619.842	4960.72	0.916867
1560.08	-621.06	4967.05	0.916924
1552.45	-625.391	4971.43	0.916983
1547.38	-631.723	4975.58	0.917045
1540.85	-633.754	4984.95	0.917102
1532.09	-631.417	5001.6	0.917158
1528.26	-628.295	5017.93	0.917213
1528.35	-626.802	5032.85	0.917268
1529.51	-620.349	5048.62	0.917316
1531.67	-618.261	5059.74	0.917361
1534.48	-614.039	5069.87	0.917413
1536.22	-616.325	5074.73	0.917462
1532.34	-621.253	5075.08	0.91751
1528.39	-624.107	5075.62	0.917554
1524.48	-623.851	5078.99	0.917594
1521	-618.428	5087.42	0.917632
1519.2	-613.364	5099.61	0.917674
1529.93	-665.005	5103.04	0.917682
1570.45	-687.36	5178.07	0.917728
1623.7	-683.371	5288.04	0.917793
1670.47	-673.976	5362.51	0.917841
1703.31	-660.998	5384.92	0.91789
1719.23	-642.385	5361.39	0.917943
1715.21	-625.772	5301.12	0.917994
1688.38	-611.085	5219.86	0.918044
1637.58	-601.756	5138.02	0.918095
1572.71	-593.112	5077.68	0.918146
1512.36	-590	5047.27	0.918197
1470.03	-593.515	5048.02	0.918249
1456.88	-596.988	5072.28	0.918298
1472.91	-604.268	5111.51	0.918349
1510.7	-601.766	5164.16	0.918394
1557.92	-597.917	5215.9	0.918435
1603.57	-598.411	5261.22	0.918482
1642.41	-604.73	5295.61	0.918532
1673.92	-622.968	5313.1	0.918598
1695.44	-637.315	5315.03	0.918635
1710.19	-660.1	5299.91	0.918705
1710.7	-651.655	5289.33	0.918753
1703.14	-633.989	5282.63	0.918796
1692.74	-613.107	5277.93	0.918845
1686.17	-603.487	5273.02	0.918889
1686.62	-610.297	5267.2	0.918933
1693.11	-620.765	5264.35	0.918974
1702.54	-627.888	5270.66	0.919018
1714.36	-632.359	5282.76	0.919063
1730.15	-630.04	5296.52	0.919106
1744.9	-623.747	5308.89	0.91915
1756.98	-615.564	5320.75	0.919191
1768.25	-611.038	5329.33	0.919236
1782.46	-623.712	5339.7	0.919268
1802.61	-668.381	5352.81	0.919279
1833.15	-718.482	5382.93	0.919285
1849.48	-706.387	5412.97	0.919327
1855.99	-661.024	5433.53	0.919367
1857.16	-615.173	5437.4	0.919408
1856.29	-584.126	5422.83	0.919454
1847.51	-564.728	5398.04	0.919497
1825.08	-546.308	5368.19	0.919548
1798.7	-539.872	5341.91	0.919607
1776.05	-539.092	5317.23	0.919677
1766.6	-557.666	5300.73	0.919729
1765.82	-586.811	5293.78	0.919778
1772.45	-622.956	5304.14	0.919816
1785.25	-648.624	5332.12	0.919856
1803.6	-663.267	5368.52	0.919897
1833.93	-675.956	5392.66	0.919939
1860.25	-679.055	5417.36	0.919976
1880.72	-673.253	5441.42	0.920009
1894.95	-663.089	5460.67	0.920039
1905.55	-662.438	5476.97	0.920067
1914.03	-667.352	5489.3	0.920095
1919.91	-680.166	5497.53	0.920125
1931.47	-723.875	5502.54	0.920127
1943.54	-761.106	5509.18	0.920138
1957.69	-792.478	5526.7	0.92014
1968.08	-811.154	5547.73	0.920145
1975.45	-803.568	5570.05	0.920157
1987.92	-794.882	5582.05	0.920174
1999.72	-778.862	5583.93	0.920185
2005.45	-792.477	5561.12	0.920201
1993.61	-767.035	5530.85	0.920251
1961.98	-730.629	5496.6	0.920297
1918.03	-698.695	5463.11	0.920346
1869.62	-668.905	5441.13	0.920383
1824.51	-645.297	5437.72	0.920415
1794.76	-647.848	5449.83	0.920457
1786.12	-659.185	5476.14	0.920493
1796.8	-675.184	5514.35	0.92053
1821.26	-696.364	5559.15	0.920561
1849.26	-705.606	5605.63	0.920605
1874.49	-685.609	5644.7	0.920646
1891.76	-664.595	5668.23	0.920689
1902.68	-651.763	5674.46	0.920733
1905.17	-644.002	5669.73	0.920772
1897.45	-649.432	5659.29	0.920817
1882.71	-655.985	5651.38	0.920861
1867.81	-661.765	5647.05	0.920906
1858.88	-671.538	5652.23	0.920953
1864.9	-679.113	5678.89	0.920996
1871.82	-680.175	5708.74	0.921044
1880.15	-631.33	5739.82	0.921123
1892.73	-595.812	5759.6	0.921188
1921.52	-608.087	5770.31	0.921226
1957.27	-649.986	5787.72	0.921285
1991.67	-657.586	5787.43	0.921327
1998.2	-660.21	5771.19	0.921376
1975.15	-659.371	5749.14	0.921425
1938.94	-651.173	5730.19	0.921474
1900.71	-645.864	5719.06	0.92152
1878.46	-650.41	5711.13	0.921577
1877.38	-650.376	5708.86	0.921626
1890.58	-655.638	5710.83	0.921674
1907.04	-732.149	5693.37	0.921705
1924.95	-824.405	5683.71	0.921717
1942.52	-891.361	5699.65	0.921716
1962.08	-939.544	5718.09	0.92175
1980.12	-918.315	5744.3	0.921814
1988.05	-839.859	5771.87	0.921878
1993.56	-799.249	5769.84	0.921905
2005.71	-794.427	5754.06	0.921931
2019.17	-813.297	5734.37	0.921958
2025.21	-846.786	5714.28	0.921981
2032.56	-888.955	5712.13	0.921999
2031.54	-909.239	5712.38	0.922019
2037.11	-917.049	5728.36	0.922036
2037.76	-896.7	5740.89	0.922064
2042.83	-873.342	5749.85	0.922094
2048.56	-844.235	5749.42	0.922157
2060.76	-854.692	5732.26	0.922193
2079.49	-896.657	5722.15	0.922223
2090.26	-936.207	5716.2	0.922255
2098.63	-963.729	5723.53	0.922284
2100.32	-962.631	5731.3	0.92232
2104.08	-958.696	5743.23	0.92235
2106.26	-951.542	5749.24	0.922381
2107.64	-940.273	5750.77	0.922415
2113.4	-936.743	5756.68	0.922442
2102.85	-884.459	5750.41	0.922507
2081.43	-823.368	5721.72	0.922588
2052.67	-769.981	5678.91	0.922668
2019.08	-738.127	5629.92	0.922747
1985.64	-734.833	5579.52	0.922825
1947.92	-737.893	5548.87	0.922892
1912.81	-737.228	5544.11	0.922948
1894.13	-713.916	5557.46	0.922992
1892.95	-687.276	5577.04	0.923037
1905.21	-669.523	5593.66	0.923076
1930.57	-678.065	5610.39	0.923103
1961.09	-699.563	5637.19	0.923133
1989.81	-719.98	5670.59	0.923164
2025.41	-759.704	5673.1	0.923238
2053.06	-798.012	5651.32	0.923318
2059.32	-815.449	5620.42	0.923389
2039.28	-814.385	5591.4	0.923464
2003.62	-803.252	5566.62	0.923535
1967.49	-793.373	5549	0.923606
1940.68	-787.78	5539.24	0.923677
1928.6	-789.49	5544.06	0.923746
1932.48	-796.581	5562.4	0.923817
1954.69	-844.208	5587.82	0.923858
1989.95	-908.992	5633.16	0.923893
2028.92	-959.226	5688.52	0.923934
2053.07	-935.455	5755.17	0.923984
2071.16	-885.82	5802.98	0.924048
2088.55	-862.532	5830.61	0.924068
2105	-854.182	5847.43	0.924099
2111.27	-848.106	5849.12	0.924132
2107.91	-847.106	5840.2	0.924166
2092.94	-841.837	5829.33	0.924191
2073.3	-858.083	5812.8	0.924211
2053.3	-871.227	5802.88	0.924239
2033	-880.583	5793.65	0.924265
2014.6	-872.624	5790.51	0.924296
2003.47	-876.419	5790.12	0.924315
2000.85	-895.346	5800.39	0.924329
2004.67	-912.061	5815.7	0.924345
2005.38	-907.795	5831.83	0.924354
2007.44	-898.199	5856.36	0.924354
2005.58	-874.679	5876.89	0.924361
2011.16	-898.766	5875.18	0.924396
2023.07	-935.839	5872.67	0.924415
2027.38	-948.534	5869.2	0.924427
2024.85	-938.898	5873.5	0.924429
2015.57	-913.9	5883.24	0.924434
2003.69	-893.025	5892.75	0.924439
1991.21	-856.703	5900.35	0.92446
1985.32	-861.571	5891.19	0.924455
1981.33	-861.288	5875.97	0.924468
1973.4	-846.573	5855.61	0.924487
1958.81	-816.62	5833.42	0.924514
1937.94	-785.077	5808.87	0.92454
1913.47	-763.789	5781.75	0.924569
1889.66	-753.299	5757.23	0.924598
1869.69	-750.081	5739.61	0.92463
1853.24	-762.284	5726.75	0.924654
1842.89	-775.673	5722.56	0.924683
1839.33	-781.79	5727.8	0.924715
1851.89	-835.051	5733.96	0.924706
1875.98	-894.302	5752.83	0.924699
1903.53	-937.012	5782.71	0.924692
1925.74	-933.07	5821.2	0.924703
1939.91	-893	5855.77	0.924722
1946	-839.062	5879.4	0.924747
1955.05	-837.78	5878.58	0.924741
1964.21	-867.768	5862.82	0.924734
1968.32	-904.28	5842.49	0.924728
1962.76	-932.519	5826.63	0.924723
1950.31	-945.933	5817.6	0.924717
1930.69	-922.513	5815.59	0.924727
1908.43	-875.162	5818.54	0.924746
1890.05	-823.178	5819.85	0.924768
1876.99	-788.649	5815.15	0.924796
1870.76	-774.702	5806.43	0.924823
1869.57	-780.148	5795.83	0.924852
1868.8	-794.491	5784.77	0.924881
1865.11	-811.021	5778.34	0.924912
1859.95	-822.41	5777.92	0.924942
1855.84	-827.926	5782.23	0.924971
1854.75	-827.928	5789.68	0.925
1857.27	-823.314	5798.69	0.925028
1861.29	-815.724	5805.01	0.925057
1865.96	-810.911	5807.01	0.925082
1869.72	-809.523	5805.15	0.92511
1869.45	-811.451	5802.72	0.925138
1866.48	-816.017	5800.15	0.925167
1862.42	-817.044	5799.51	0.925196
1858.97	-815.569	5800.5	0.925225
1857.45	-816.409	5801.53	0.925254
1857.91	-816.734	5803.18	0.925284
1858.05	-819.161	5806.61	0.925313
1857.42	-819.713	5809.25	0.925343
1857.42	-825.179	5809.03	0.925371
1861.77	-830.115	5815.92	0.925401
1868.66	-833.492	5827.4	0.925432
1876.93	-833.606	5841.28	0.925458
1886.01	-835.303	5853.86	0.925487
1898.49	-868.321	5851.82	0.92549
1910.33	-889.448	5849.92	0.925506
1916.73	-888.931	5850.57	0.925526
1918.46	-873.436	5850.17	0.925549
1912.65	-845.735	5844.75	0.925577
1903.91	-820.184	5831.87	0.925607
1890.79	-801.481	5822.58	0.925632
1881.75	-799.416	5823.34	0.925655
1878.55	-799.334	5835.99	0.92568
1886.49	-812.087	5852.63	0.925699
1903.02	-813.376	5879.55	0.925715
1928.24	-822.234	5899.78	0.925748
1958.4	-826.955	5917.82	0.925769
1991.28	-873.847	5917.36	0.925779
2018.21	-915.16	5914.07	0.925799
2033.4	-942.731	5907.23	0.925809
2038.18	-932.697	5904.25	0.92582
2033.83	-922.406	5893.76	0.925859
2023.26	-878.074	5879.26	0.925904
2014.58	-840.459	5858.52	0.925926
2000.91	-796.649	5837.7	0.925958
1985.01	-765.323	5818.65	0.925985
1968.84	-749.141	5803.96	0.926011
1955.01	-743.87	5796.54	0.926037
1948.18	-752.621	5791.66	0.926067
1946.69	-751.196	5797.41	0.926099
1954.35	-775.786	5803.04	0.926118
1961.43	-781.353	5813.52	0.926148
1948.37	-788.041	5863.6	0.926144
1927.64	-781.914	5947.64	0.926157
1937.14	-786.986	6035.91	0.926159
1984.33	-776.559	6104.89	0.92618
2066.82	-802.995	6138.55	0.926171
2152.69	-832.338	6138.24	0.926174
2210.68	-845.678	6107.58	0.926184
2222.34	-865.123	6036.41	0.926181
2182.34	-870.605	5945.91	0.926172
2098.68	-909.4	5845.35	0.926203
2001.65	-927.267	5761.09	0.926222
1913.77	-904.528	5705.18	0.926225
1846.99	-859.627	5679.6	0.92622
1800.76	-831.197	5684.6	0.926229
1786.91	-824.918	5710.81	0.926238
1805.17	-821.263	5752.23	0.926235
1844	-823.714	5794.91	0.926234
1889.41	-831.093	5828.19	0.926234
1921.85	-854.075	5850.51	0.926244
1935	-882.503	5868.31	0.926256
1938.29	-893.87	5878.02	0.926269
1934.51	-890.597	5882.45	0.926279
1925.22	-879.377	5881.32	0.926289
1918.31	-852.794	5875.13	0.926286
1913.48	-825.575	5858.78	0.926286
1906.37	-810.497	5831.38	0.926286
1894.67	-810.848	5797.92	0.926286
1876.07	-813.994	5764.55	0.926289
1847.76	-853.381	5734.75	0.92631
1822.28	-909.151	5711.24	0.926338
1792.46	-886.774	5717.67	0.926383
1775.7	-823.365	5741.98	0.926408
1769.97	-770.114	5765.86	0.926443
1783.61	-769.033	5771.01	0.926499
1800.89	-782.202	5773.32	0.926534
1816.74	-799.857	5772.35	0.926561
1825.83	-811.967	5771.43	0.926586
1818.86	-809.856	5776.39	0.92661
1803.36	-795.899	5787.9	0.926633
1794	-788.612	5796.84	0.926655
1794.05	-789.301	5801.78	0.926682
1801.12	-793.042	5804.36	0.926707
1809.23	-799.835	5801.85	0.926735
1814.32	-804.537	5802.64	0.926765
1817.5	-808.445	5802.6	0.926798
1819.82	-811.068	5804.59	0.926833
1821.27	-815.107	5806.74	0.926868
1822.18	-818.413	5809.22	0.926903
1824.88	-828.412	5811.18	0.92694
1828.24	-835.516	5815.14	0.926979
1833.19	-842.133	5821.65	0.927018
1840.11	-846.923	5832.12	0.927057
1851.55	-914.321	5820.13	0.927086
1866.13	-949.196	5818.53	0.927147
1878.95	-994.009	5809.64	0.927176
1887.9	-1024.98	5806.09	0.927205
1892.08	-1039.53	5809.48	0.927234
1889.11	-1029.51	5815.07	0.927267
1884.22	-1012.81	5826.33	0.927289
1884.62	-1005.38	5843.15	0.927322
1896.05	-1006.28	5865.9	0.927356
1916.38	-1013.75	5892.82	0.92739
1942.7	-1024.21	5916.84	0.927422
1968.68	-1034.69	5934.59	0.927456
1989.02	-1041.3	5944.68	0.92749
2003.84	-1033.74	5958.09	0.927515
2014.37	-1031.78	5965.88	0.927546
2023.35	-1035.32	5968.47	0.927578
2030.14	-1041.25	5969.46	0.92761
2036.57	-1046.13	5969.86	0.927642
2040.39	-1045.29	5970.55	0.927677
2034.77	-1004.3	5991.13	0.927676
2027.6	-961.873	6020.39	0.927676
2026.02	-934.813	6035.91	0.927742
2029.4	-940.026	6033.8	0.927776
2036.5	-933.893	6033.56	0.927822
2040.68	-921.405	6036.61	0.927849
2040.23	-897.365	6050.07	0.927882
2040.98	-922.927	6058.36	0.927873
2042.08	-919.675	6079.41	0.927904
2047.25	-913.963	6101.5	0.927924
2066.69	-949.37	6120.43	0.927915
2089.78	-973.532	6142.31	0.92792
2106.2	-971.089	6166.03	0.927926
2115.09	-951.328	6184.25	0.92794
2117.23	-920.98	6193.04	0.927955
2115.97	-879.617	6198.72	0.927983
2113.19	-869.643	6184.91	0.928008
2110.65	-868.866	6170.1	0.928044
2107.3	-889.9	6150.72	0.928065
2099.5	-907.553	6135.23	0.928091
2086.56	-906.207	6127.76	0.928111
2073.15	-895.056	6124.86	0.92814
2061.96	-884.261	6120.05	0.928161
2055.2	-877.386	6113.39	0.928188
2052.53	-878.561	6104.67	0.928219
2052	-887.459	6095.19	0.928248
2049.79	-897.092	6085.66	0.928275
2045.04	-895.639	6081.65	0.928305
2036.74	-899.249	6076.61	0.928327
2028.67	-907.27	6070.98	0.928348
2022.56	-909.955	6068.7	0.928372
2019.3	-908.423	6069.13	0.928395
2017.23	-906.064	6073.42	0.92842
2016.54	-890.097	6085.23	0.928447
2019.16	-881.984	6095.75	0.928471
2023.4	-882.867	6106.14	0.928493
2029.48	-889.016	6115.85	0.928522
2035.81	-901.841	6119.75	0.928538
2040.86	-913.534	6124.93	0.928561
2042.97	-914.514	6129.79	0.928583
2043.43	-911.804	6132.4	0.928612
2042.12	-911.943	6128.57	0.928632
2039.36	-909.965	6121.35	0.928653
2034.72	-900.523	6114.01	0.928678
2027.18	-887.736	6104.57	0.928704
2018.28	-880.92	6093.52	0.928726
2010.31	-875.808	6086.99	0.928751
2002.77	-882.935	6084.94	0.928773
1998.05	-888.256	6089.55	0.928797
1997.82	-889.292	6099.6	0.928823
2002.86	-894.538	6110.88	0.928843
2011.95	-897.364	6122.59	0.928864
2022.7	-896.344	6133.15	0.928885
2032.5	-890.344	6141.75	0.928909
2039.87	-888.7	6145.7	0.928927
2043.86	-888.484	6145.98	0.928947
2044.69	-895.472	6141.56	0.928966
2044.95	-909.37	6130.66	0.928983
2044.38	-923.754	6119.23	0.928998
2050.67	-957.751	6118.32	0.928996
2062.86	-996.152	6132.66	0.929001
2079.73	-1020.08	6158.39	0.929006
2100.01	-1025.13	6193.87	0.929008
2121.78	-1015.11	6232.55	0.929011
2134.45	-963.811	6267.72	0.92904
2141.33	-914.782	6282.21	0.929058
2143.59	-869.809	6280.44	0.929086
2138.58	-824.984	6267.58	0.929125
2128.97	-793.688	6247.36	0.929171
2115.42	-777.261	6224.41	0.92922
2102.39	-790.805	6198.03	0.929259
2089.11	-827.86	6169.43	0.92929
2079.6	-874.641	6150.1	0.929315
2072.55	-908.411	6141.66	0.92934
2068.19	-926.544	6142.76	0.929362
2066.73	-923.934	6153.45	0.929387
2072.35	-933.929	6159.11	0.929392
2078.72	-924.49	6176.54	0.929418
2086.78	-921.188	6191.41	0.929438
2094.5	-924.12	6205.04	0.929459
2100.66	-930.627	6213.73	0.929475
2110.59	-960.974	6202.6	0.929527
2118.75	-997.229	6181.24	0.929578
2113.95	-1011.26	6159.92	0.929621
2093.06	-998.601	6140.12	0.929657
2060.97	-988.926	6117.8	0.929703
2026	-985.295	6095.99	0.929754
2005.58	-1021.55	6078.32	0.929766
1996.15	-1072.82	6075.09	0.929791
1988.59	-1093.78	6089.88	0.929813
1988.52	-1113.94	6114.69	0.92983
1991.27	-1086.92	6158.44	0.929889
1999.34	-1032	6214.09	0.929938
2014.13	-1005.99	6259.99	0.929987
2033.66	-1006.55	6298.04	0.93003
2057.34	-1011.93	6329.06	0.930089
2078.66	-1009.05	6359.74	0.930146
2093.77	-1003.07	6385.03	0.930198
2102.75	-983.625	6403.22	0.930239
2102.06	-963.703	6406.21	0.930269
2092.15	-946.678	6397.05	0.930294
2074.87	-946.978	6377.12	0.930317
2054.71	-962.468	6348.38	0.930334
2035.72	-971.837	6322.48	0.930353
2017.83	-972.645	6299.62	0.930373
2021.08	-937.145	6342.59	0.93042
2035.7	-889.12	6413.93	0.930466
2062.55	-865.261	6494.08	0.930515
2104.31	-870.676	6570.65	0.930558
2156.53	-899.693	6631.51	0.930594
2222.6	-1037.25	6636.22	0.930628
2283.63	-1197.4	6606.07	0.930655
2319.27	-1306.11	6560.08	0.930686
2318.39	-1332.35	6511.71	0.930718
2281.84	-1269.31	6483.18	0.930744
2226.1	-1165.11	6467.28	0.930765
2183.68	-1106.67	6435.48	0.930804
2162.46	-1095.99	6393.23	0.930841
2156.23	-1117.4	6354.54	0.930877
2155.54	-1144.16	6335.12	0.930903
2154.04	-1159.45	6339.71	0.930922
2154.37	-1162.84	6371.2	0.930945
2164.16	-1154.17	6419.73	0.930965
2187.89	-1155.97	6468.61	0.930976
2223.19	-1164.49	6516.16	0.930985
2265.62	-1172.55	6560.46	0.930999
2307.78	-1178.56	6601.67	0.931014
2345.15	-1191.27	6634.81	0.931026
2375.08	-1209.64	6654.46	0.931037
2399.87	-1233.64	6662.09	0.931043
2418.34	-1254.58	6667.58	0.931052
2431.29	-1271.33	6675.81	0.931058
2439.69	-1283.34	6681.66	0.931058
2444.01	-1294.36	6682.53	0.931059
2448.13	-1301.82	6679.57	0.93106
2462.09	-1324.48	6648.06	0.931085
2474.21	-1346.51	6599.29	0.93111
2471.29	-1355.37	6545.79	0.931135
2449.1	-1353.71	6487.47	0.931157
2411.9	-1346.07	6433.82	0.931178
2360.9	-1312.85	6389.12	0.931213
2303.46	-1262.51	6355.12	0.931244
2250.28	-1210.22	6334.5	0.931274
2212	-1174.48	6324.21	0.931302
2191.96	-1158.98	6327.69	0.931331
2190.82	-1156.25	6344.32	0.931365
2205.48	-1162.17	6369.71	0.931403
2229.43	-1173.47	6394.89	0.931446
2257.21	-1179.61	6411.49	0.931494
2278.98	-1179.12	6419.41	0.93154
2289.24	-1168.46	6416.12	0.931587
2284.54	-1146.78	6407.26	0.931631
2269.31	-1133.12	6394.79	0.931677
2249.28	-1116.9	6384.93	0.931722
2227.82	-1114.03	6377.57	0.931764
2213	-1121.02	6378.07	0.931804
2208.47	-1131.88	6385.69	0.931845
2214.36	-1141.76	6397.96	0.931883
2228.6	-1143.56	6415.54	0.931919
2267.8	-1161.22	6405.02	0.931973
2312.55	-1213.87	6386.99	0.932001
2334	-1260.8	6366.54	0.932027
2360.52	-1318.54	6374.79	0.932043
2443.93	-1375.16	6410.44	0.932069
2567.77	-1448.1	6448.69	0.932096
2698.49	-1549.48	6473.74	0.932115
2796.85	-1654.41	6487.71	0.932125
2841.24	-1711.94	6501.03	0.932143
2837	-1729.69	6513.64	0.932154
2809.83	-1722.68	6524.91	0.932161
2785.32	-1703.31	6537.11	0.932167
2772.35	-1683.86	6547.01	0.932174
2771.97	-1672.56	6553.9	0.93218
2783	-1669.87	6554.59	0.932187
2795.87	-1675.46	6554.7	0.932193
2805.27	-1684.98	6556.71	0.9322
2811.07	-1692.78	6559.09	0.932206
2811.47	-1698.1	6564.94	0.932213
2809.54	-1699.91	6572.43	0.932219
2809.8	-1695.88	6577.53	0.932227
2812.66	-1691.17	6577.93	0.932233
2816.23	-1686.25	6575.2	0.932241
2818.57	-1684.58	6569.27	0.932247
2818.12	-1685.46	6562.16	0.932254
2816.02	-1686.03	6553.03	0.93226
2812.68	-1678.26	6544.59	0.932271
2807.59	-1666.13	6536.72	0.932283
2802.72	-1652.41	6526.78	0.932297
2795.74	-1641.92	6518.14	0.932311
2788.11	-1640.09	6509.44	0.932323
2781.16	-1647.14	6501.28	0.932333
2776.85	-1652.41	6495.32	0.932345
2772.58	-1655.52	6494.38	0.932357
2769.51	-1656.23	6497.66	0.932369
2768.83	-1653.88	6504.47	0.932383
2771.22	-1649.41	6513.53	0.932397
2776.7	-1646.04	6522.95	0.932412
2783.95	-1640.09	6532.58	0.932429
2792.79	-1647.58	6537.77	0.932439
2801.28	-1662.16	6538.68	0.932448
2807.05	-1673.31	6536.3	0.932458
2806.61	-1679.94	6532.76	0.932467
2803.52	-1676.74	6527.78	0.932478
2798.4	-1670.2	6522.04	0.932487
2792.45	-1669.15	6515.98	0.932494
2786.71	-1671.43	6510.79	0.9325
2782.05	-1674.53	6507.19	0.932507
2731.42	-1563.54	6376.98	0.932566
2626.22	-1398.11	6161.84	0.932633
2460.89	-1245.64	5912.64	0.932702
2250.49	-1148.91	5683.24	0.932775
2035.09	-1118.67	5521.83	0.932849
1864.89	-1140.86	5452.63	0.932922
1767.02	-1137.72	5455.91	0.933033
1758.47	-1175.54	5511.09	0.933106
1824.25	-1225.01	5594.4	0.933181
1930.52	-1266.73	5682.32	0.933256
2041.07	-1284.32	5756.91	0.933336
2123.2	-1267.5	5815.85	0.93343
2167.38	-1259.66	5845.22	0.933506
2179.93	-1261.03	5849.66	0.93358
2162.93	-1266.89	5840.12	0.933655
2130.67	-1261.56	5822.09	0.933736
2098.35	-1250.24	5796.16	0.933816
2071.86	-1241.74	5766.42	0.933893
2045.89	-1222.03	5732.27	0.93398
2014.79	-1176.91	5702.7	0.934087
1981.11	-1131.23	5670.23	0.934195
1950.71	-1100.9	5630.98	0.934304
1924.98	-1093.59	5592.58	0.934413
1913.72	-1139.77	5554.63	0.934491
1903.68	-1204.02	5540.19	0.934569
1888.41	-1254.38	5550.52	0.934645
1872.36	-1273.41	5586.29	0.934722
1839.33	-1285	5669.13	0.934792
1806.39	-1294.54	5797.34	0.934861
1792.54	-1269.13	5971.31	0.9349
1821.4	-1213.15	6158.83	0.934932
1894.99	-1146.23	6322.62	0.934953
1994.77	-1111.1	6437.99	0.93498
2094.03	-1111.75	6498.47	0.935003
2163.39	-1130.19	6512.17	0.935027
2185.47	-1146.34	6489.66	0.935039
2163.05	-1153.58	6440.31	0.935058
2105.19	-1149.28	6375.47	0.935067
2033.44	-1147.89	6307.37	0.935087
1964.99	-1145.96	6246.47	0.935109
1906.49	-1137.26	6199.77	0.935124
1860.39	-1125.12	6174.13	0.935131
1825.26	-1077.59	6174.53	0.935157
1795.36	-980.025	6196.42	0.9352
1781.37	-908.585	6231.72	0.93523
1785.37	-878.494	6274.35	0.935261
1803.87	-872.485	6319.11	0.935286
1833.18	-897.193	6359.4	0.935315
1861.78	-931.901	6386.76	0.935343
1879.99	-949.47	6400.89	0.935365
1888.51	-952.517	6394	0.935398
1876.35	-938.245	6371.35	0.935426
1849.52	-927.732	6337.24	0.935458
1809.79	-915.147	6302.98	0.935489
1767.01	-937.133	6276.7	0.935494
1727.45	-973.5	6257.65	0.935511
1698.2	-1003.16	6245.26	0.935522
1679.09	-1017.51	6242.11	0.935534
1663.91	-1016.45	6248.29	0.935552
1651.6	-1011.09	6259.55	0.935575
1633.41	-948.264	6280.69	0.935629
1617.65	-894.948	6309.82	0.935686
1609.64	-870.101	6341.44	0.935743
1610.83	-875.322	6372.07	0.935797
1618.95	-904.833	6399.52	0.935852
1622.38	-944.555	6419.65	0.93591
1619.81	-969.334	6434.68	0.935966
1612.61	-980.97	6445.21	0.936023
1605.98	-983.604	6451.33	0.936085
1598.63	-969.637	6457.28	0.93614
1594.24	-959.46	6457.28	0.936195
1592.93	-963.783	6444.51	0.936254
1590.84	-979.41	6427.4	0.936312
1587.35	-991.249	6424.72	0.936374
1582.03	-987.467	6439.78	0.936443
1574.92	-982.29	6450.73	0.9365
1574.35	-969.844	6464.99	0.936566
1583.44	-954.092	6478.55	0.936637
1597.37	-930.422	6492.18	0.936708
1610.71	-906.367	6503.54	0.936779
1622.25	-889.028	6512.93	0.936849
1628.76	-886.887	6519.3	0.936921
1628.63	-891.574	6529.44	0.93699
1625.74	-896.964	6543.05	0.93706
1624.22	-898.983	6558.88	0.937128
1626.79	-898.081	6574.19	0.937195
1633.98	-898.978	6585.34	0.937261
1641.59	-901.864	6594.66	0.937324
1648.22	-904.929	6601.88	0.937388
1652.44	-901.919	6608.82	0.937446
1654.83	-896.302	6613.86	0.937504
1652.17	-887.669	6616.82	0.93756
1647.6	-877.032	6618.56	0.937615
1643.71	-867.606	6619.41	0.937672
1639.5	-861.712	6622.05	0.937728
1635.98	-861.343	6622.77	0.937782
1631.77	-861.608	6625.43	0.937837
1629.06	-860.698	6630.34	0.937888
1626.92	-860.417	6638.84	0.937939
1624.91	-858.161	6652.48	0.937988
1623.64	-853.392	6672.03	0.938036
1624.85	-852.506	6696.76	0.938084
1630.93	-854.697	6720.46	0.938131
1639.55	-853.315	6743.39	0.938177
1650.7	-848.95	6763.27	0.938222
1662.55	-840.912	6778.45	0.938266
1672.99	-833.638	6787.68	0.938311
1680	-827.459	6790.97	0.938352
1680.07	-822.511	6791.47	0.938394
1675.58	-818.315	6790.66	0.938436
1667.16	-814.873	6792.16	0.938478
1659.58	-811.805	6796.51	0.938519
1656.24	-810.557	6803.04	0.93856
1660.52	-812.421	6807.76	0.938602
1673.25	-814.07	6805.2	0.938647
1684.47	-803.49	6799.16	0.938693
1687.96	-800.522	6790.19	0.938736
1691.31	-853.531	6768.66	0.938741
1692.38	-927.337	6745.11	0.938753
1684.62	-947.734	6738.2	0.938784
1677.37	-918.753	6744.04	0.938822
1674.73	-863.258	6759.77	0.938866
1678.72	-811.213	6775.4	0.938906
1687.59	-775.797	6786.97	0.93895
1698.32	-763.955	6792.31	0.938991
1718.49	-823.424	6773.5	0.939
1726.6	-916.949	6762.35	0.939009
1714.45	-969.261	6792.01	0.939037
1703	-958.138	6850.63	0.939074
1706.56	-901.747	6914.77	0.939114
1731.43	-836.704	6958.49	0.939152
1768.56	-787.378	6974.73	0.939193
1802.8	-762.724	6968.16	0.939232
1824.06	-765.007	6942.08	0.939274
1824.73	-780.749	6910.92	0.939315
1807.27	-800.953	6881.97	0.939356
1778.06	-815.158	6857.77	0.939396
1749.01	-823.077	6837.9	0.939439
1725.79	-823.623	6826.88	0.939483
1712.7	-817.838	6823.83	0.939524
1709.87	-808.898	6826.85	0.939562
1714.98	-803.265	6832.26	0.939603
1723.28	-798.701	6840.47	0.939646
1731.91	-798.348	6848.78	0.939688
1737.06	-799.648	6853.75	0.939726
1739.53	-804.775	6854.44	0.939766
1739.36	-808.428	6853.13	0.939806
1737.67	-811.464	6850.01	0.939846
1734.9	-811.1	6846.67	0.939887
1732.15	-810.582	6842.92	0.939929
1729.5	-808.353	6839.83	0.93997
1727.06	-804.163	6838.01	0.940012
1725.06	-798.689	6837.72	0.940053
1721.64	-795.403	6840.8	0.940094
1719.22	-795.185	6846.82	0.940134
1719.74	-799.203	6854.67	0.940176
1723.48	-804.492	6863.26	0.940216
1729.09	-804.812	6871.76	0.940258
1735.74	-805.845	6878.35	0.940298
1742.17	-810.55	6881.75	0.940335
1747.53	-812.282	6885.52	0.940375
1751.07	-813.49	6888.73	0.940413
1752.76	-813.92	6891.15	0.940454
1755.51	-813.284	6890.59	0.940492
1757.65	-811.875	6887.43	0.940533
1757.85	-810.2	6882.41	0.940574
1755.51	-806.88	6876.78	0.940613
1751.89	-809.304	6870.6	0.940654
1747.15	-808.585	6865.85	0.940694
1742.78	-808.145	6862.59	0.940734
1739.71	-808.138	6860.96	0.940775
1738.31	-808.519	6860.82	0.940816
1738.21	-807.318	6862.36	0.940856
1739.19	-805.779	6864.95	0.940895
1740.65	-802.956	6868.54	0.940936
1742.49	-800.55	6872.3	0.940977
1744.51	-799.362	6875.65	0.94102
1746.45	-799.403	6878.31	0.94106
1748.04	-800.175	6880.24	0.941101
1748.83	-799.346	6882.3	0.941143
1749.75	-801.29	6882.42	0.941182
1750.09	-802.432	6882.38	0.941223
1749.9	-802.645	6882.28	0.941264
1749.44	-802.186	6882.09	0.941304
1748.96	-801.464	6881.72	0.941345
1748.31	-799.162	6882.09	0.941387
