2011.51	-918.953	7022.16	0.957373
2011	-921.537	7021.02	0.96083
2009.82	-928.545	7017.95	0.963351
2007.46	-943.15	7011.57	0.964981
2003.74	-969.198	7000.09	0.967024
1997.14	-1005.83	6983.83	0.967273
1989.64	-1047.13	6965.54	0.967466
1979.22	-1080.38	6946.64	0.968684
1969.8	-1108.57	6927.25	0.969387
1960.26	-1128.49	6907.18	0.970017
1951	-1139.85	6886.53	0.970421
1938.49	-1146.35	6865.76	0.97064
1923.09	-1148.69	6847.2	0.970681
1905.92	-1146.49	6830.43	0.970732
1889.32	-1146.46	6812.45	0.970747
1872.92	-1150.06	6794.22	0.970747
1858.74	-1155.06	6777.63	0.970676
1847.66	-1158.46	6764.64	0.970595
1838.74	-1157.9	6754.38	0.970556
1834.13	-1161.11	6747.45	0.970504
1834.15	-1163.21	6742.88	0.970446
1836.7	-1162.92	6741.36	0.970446
1842.65	-1161.04	6742.54	0.970443
1848.65	-1152.69	6739.78	0.970352
1853.62	-1142.49	6736.08	0.970342
1857.14	-1130.37	6730.12	0.970307
1859.96	-1117.56	6723.49	0.970304
1862.85	-1106.41	6717.2	0.970328
1866.53	-1099.4	6711.79	0.970373
1874.07	-1105.84	6702.24	0.970377
1883.65	-1120.39	6691.12	0.970404
1891.42	-1135.54	6683.81	0.970478
1897.25	-1147.25	6681.03	0.970538
1902.59	-1156.98	6681.51	0.970589
1908.03	-1156.99	6687	0.970623
1914.25	-1149.29	6693.41	0.97061
1921.21	-1138.83	6701.75	0.970625
1930.94	-1133.85	6708.96	0.970648
1940.86	-1131.99	6715.18	0.970658
1952.45	-1139.97	6717.75	0.97067
1963.01	-1142.97	6718.56	0.970662
1970.24	-1142.65	6717.29	0.970659
1974.85	-1143.81	6710.59	0.970654
1975.54	-1146.7	6699.78	0.97066
1969.65	-1140.91	6687.34	0.970665
1960.38	-1131.59	6671.58	0.970674
1950.65	-1124.57	6651.09	0.970687
1940.26	-1120.74	6628.76	0.97071
1928.57	-1116.49	6608.52	0.970733
1916.06	-1107.89	6588.84	0.970754
1902.63	-1091.22	6573.73	0.970772
1893.55	-1079.63	6556.31	0.970798
1888.57	-1070.43	6537.73	0.97082
1884.53	-1059.49	6521.89	0.970833
1883.5	-1060.59	6506.2	0.970857
1882.29	-1066.68	6493.92	0.970878
1880.23	-1068.35	6486.01	0.970893
1879.35	-1066.42	6482.64	0.970906
1880	-1058.34	6482.27	0.970914
1881.7	-1041.87	6488.46	0.970917
1886.76	-1036.07	6496.85	0.970927
1895.49	-1039.02	6504.24	0.97095
1910.08	-1056.46	6510.06	0.970972
1929.09	-1085.74	6513.18	0.971002
1945.67	-1097.33	6523.82	0.971019
1962.18	-1100.51	6534.67	0.971047
1977.53	-1091.09	6546.41	0.971072
1993	-1075.78	6559.23	0.971096
2010.65	-1065.33	6566.98	0.971124
2030.94	-1058.89	6570.57	0.971144
2050	-1051.3	6572.25	0.97117
2068.7	-1049.54	6570.51	0.971186
2084.03	-1050.18	6567.11	0.971203
2097.97	-1059.33	6560.72	0.971223
2108.74	-1059.89	6555.15	0.971259
2119.03	-1064.81	6552.02	0.971278
2126.84	-1060.21	6555.58	0.971294
2135.2	-1055.47	6564.61	0.971307
2143.68	-1049.46	6580.4	0.971317
2153.82	-1036.37	6602.75	0.971324
2173.33	-1032.59	6621.93	0.971338
2202.62	-1047.53	6630.75	0.971366
2227.53	-1047.73	6627.03	0.97141
2240.97	-1023.57	6612.27	0.971453
2241.83	-982.651	6589.98	0.971498
2231.28	-942.55	6558.62	0.971547
2206.15	-904.336	6529.58	0.971594
2176.94	-890.419	6507.81	0.971618
2149.97	-895.422	6498.42	0.971638
2131.46	-912.852	6503.87	0.971654
2127.66	-941.324	6524.96	0.971663
2152.02	-1004.22	6540.1	0.971695
2193.66	-1067.19	6552.37	0.971729
2238.81	-1108.99	6559.55	0.971766
2274.18	-1107.82	6562.9	0.971817
2293.42	-1077.61	6560.24	0.971862
2298.09	-1039.49	6549.06	0.971905
2296.48	-1011.07	6521.8	0.971943
2291.25	-996.657	6483.95	0.971979
2280.2	-987.757	6444.44	0.972025
2263.62	-991.274	6403.4	0.972063
2244.57	-1009.51	6371.58	0.972107
2221.66	-1032.16	6347.59	0.972148
2194.39	-1051.55	6336.11	0.972194
2169.8	-1069.63	6339.7	0.972237
2153.92	-1086.12	6352.2	0.972288
2145.73	-1096.57	6383.15	0.972338
2147.63	-1090.92	6419.69	0.972394
2152.37	-1067.17	6460.67	0.972443
2161.45	-1034.48	6500.21	0.972493
2176.98	-1001.64	6533.82	0.972544
2197.7	-972.719	6559.39	0.972591
2218.96	-952.622	6577.47	0.972634
2237.36	-940.762	6588.14	0.972674
2249.9	-933.351	6592.92	0.972711
2254.36	-929.134	6590.37	0.972745
2251.71	-926.639	6577.74	0.972773
2241.17	-921.467	6557.06	0.9728
2223.97	-910.704	6533.33	0.972825
2202.35	-895.026	6510.39	0.972846
2180.54	-874.489	6489.51	0.972862
2159.5	-850.54	6471.14	0.972873
2149.83	-841.625	6469.82	0.972864
2187.52	-888.878	6422.36	0.972918
2250.14	-961.766	6329.05	0.972975
2315.18	-1028.06	6189.32	0.97304
2337.8	-1072.12	6030.81	0.973112
2292.63	-1086.57	5879.99	0.973186
2185.42	-1077.58	5757.29	0.973258
2043.31	-1059.16	5677.36	0.973334
1904.47	-1046.87	5645.26	0.973409
1802.77	-1046.91	5659.64	0.973481
1758.95	-1062.64	5712.36	0.973548
1773.56	-1092	5794.36	0.973612
1839.32	-1127.06	5889.81	0.973679
1937.12	-1158.64	5985.11	0.973744
2043.72	-1186.16	6073.91	0.97381
2144.27	-1210.83	6147.65	0.973868
2234.22	-1225.45	6184.56	0.973933
2300.05	-1221.52	6177.54	0.974011
2330.8	-1206.01	6130.33	0.974081
2316.48	-1181.8	6054.59	0.974154
2261.17	-1166.83	5959.74	0.974227
2176.75	-1162.01	5858.88	0.974299
2073.87	-1163.55	5769.65	0.974373
1971.96	-1165.39	5699.3	0.974462
1890.75	-1183.58	5651.19	0.974535
1842.18	-1209.75	5624.12	0.974617
1821.58	-1230.73	5622.14	0.974714
1823.46	-1240.84	5641.45	0.97481
1844.12	-1244.73	5673.91	0.974908
1878.25	-1249.53	5710.52	0.97501
1918.22	-1251.44	5746.76	0.975115
1956.56	-1245.15	5779.98	0.975234
1988.73	-1236.3	5805.53	0.975354
2010.97	-1228.69	5818.67	0.975469
2022.24	-1224.94	5819.45	0.975591
2016.38	-1210.39	5803.38	0.975733
1994.01	-1173.13	5778.73	0.975892
1961.22	-1122.29	5746.28	0.976062
1924.54	-1080.95	5712.35	0.976233
1886.77	-1054.43	5681.86	0.976407
1852.25	-1041.92	5657.18	0.976579
1823.59	-1041.5	5636.69	0.976759
1802.3	-1049.46	5625.33	0.976937
1790.95	-1066.72	5621.84	0.977106
1791.68	-1087.08	5626.06	0.977276
1798.8	-1101.15	5637.68	0.977447
1807.68	-1104.05	5654.94	0.977623
1818.52	-1098.23	5669.94	0.977799
1840.09	-1127.06	5681.1	0.977927
1862.88	-1170.87	5690.32	0.978052
1882.45	-1214.18	5694.1	0.978177
1891.57	-1246.76	5695.81	0.978294
1890.63	-1267.09	5692.6	0.978407
1881.3	-1271.94	5684.23	0.97852
1863.64	-1261.07	5671.05	0.97863
1839.2	-1238.62	5653.51	0.978744
1813.98	-1207.66	5626.97	0.978865
1788.42	-1178.58	5595.34	0.978983
1762.51	-1158.16	5558.62	0.979104
1737.19	-1151.22	5515.09	0.979222
1708.12	-1152.58	5475.48	0.97934
1676.67	-1156.17	5443.94	0.979462
1647.89	-1158.35	5415.61	0.979592
1620.14	-1152.99	5398.11	0.979723
1598	-1143.97	5391.62	0.979854
1584.47	-1134.23	5388.28	0.979981
1578.11	-1120.31	5392.04	0.980115
1578.37	-1109.15	5397.63	0.980249
1584.01	-1098.89	5400.79	0.980385
1589.6	-1092.58	5405.27	0.980519
1595.06	-1098.31	5407.63	0.980642
1564.63	-1099.03	5464.73	0.98075
1522.86	-1108.02	5563.59	0.980864
1504.35	-1118.39	5679.88	0.980974
1526.6	-1123.83	5796.26	0.981084
1596.85	-1139.43	5885.81	0.981203
1697.68	-1156.57	5945.77	0.981288
1805.29	-1167.12	5970.8	0.98137
1891.93	-1165.27	5964.32	0.981462
1942.54	-1159.66	5927.23	0.981547
1948.94	-1147.74	5865.61	0.981634
1913.65	-1130.27	5787.59	0.981718
1848.61	-1109.04	5705.09	0.981806
1768.17	-1091.66	5631.78	0.981897
1687.48	-1075.56	5573.73	0.981992
1621.4	-1063.04	5534.66	0.982086
1578.75	-1050.79	5516.27	0.982192
1561.18	-1039.66	5517.8	0.982305
1566.78	-1037.55	5533.11	0.9824
1574.31	-1021.14	5577.29	0.982487
1577.59	-988.219	5652.16	0.982557
1583.58	-948.872	5752.84	0.982615
1601.18	-910.968	5864.42	0.982662
1637.71	-866.58	5972.37	0.982687
1691.67	-825.822	6064.04	0.982707
1755.89	-790.787	6130.54	0.982729
1818.57	-760.099	6167.81	0.98276
1866.9	-738.384	6171	0.982792
1890.52	-721.814	6144.35	0.98283
1883.33	-710.112	6091.49	0.982866
1845.24	-697.387	6027.66	0.982913
1782.78	-685.125	5963.07	0.982957
1709.62	-674.723	5899.76	0.983002
1641.26	-686.689	5832.79	0.983089
1581.9	-720.483	5769.88	0.983169
1535.47	-769.223	5713.19	0.983234
1499.74	-808.603	5673.68	0.983305
1472.28	-830.135	5652.16	0.983377
1452.62	-820.985	5650.14	0.983462
1440.75	-790.126	5663.6	0.983546
1436.12	-759.026	5678.95	0.983619
1438.67	-731.495	5692.13	0.983692
1444.39	-714.474	5698.33	0.983764
1448.81	-691.89	5701.46	0.983809
1448.75	-676.155	5696.59	0.983847
1442.25	-667.409	5686.1	0.983882
1430.38	-668.848	5673.66	0.983923
1414.54	-670.113	5661.96	0.983964
1397.91	-672.429	5649.8	0.984002
1381.39	-674.908	5638.97	0.98404
1367.21	-677.301	5628.44	0.984071
1357.18	-679.043	5619.73	0.984105
1348.43	-691.671	5609.41	0.98414
1340.66	-703.293	5595.09	0.984171
1332.02	-711.654	5574.96	0.984187
1321.19	-710.285	5559.27	0.984213
1308.54	-706.242	5538.63	0.984226
1293.91	-698.632	5515.29	0.98424
1279.89	-698.864	5485.48	0.984258
1264.93	-703.986	5452.89	0.984276
1248.32	-715.882	5419.23	0.984296
1229.59	-730.812	5387.49	0.984309
1209.96	-739.34	5359.75	0.984322
1190.91	-739.117	5340.15	0.984334
1175.03	-731.834	5325.76	0.984346
1163.48	-719.912	5317.88	0.984359
1158	-705.738	5314.63	0.984371
1156.82	-701.202	5308.03	0.984374
1156.03	-702.423	5296.12	0.984375
1155.36	-704.551	5287.37	0.984383
1152.23	-706.298	5273.92	0.984388
1145.21	-709.951	5259.87	0.984395
1136.25	-713.344	5239.26	0.9844
1123.23	-715.512	5216.45	0.984405
1105.9	-711.853	5198.98	0.984404
1083.52	-708.578	5180.26	0.984399
1060.96	-702.501	5164.86	0.984398
1042.21	-696.482	5147.75	0.984393
1031.29	-689.287	5139.52	0.984392
1025.27	-692.307	5127.47	0.984381
1022.92	-696.23	5118.77	0.984379
1024.08	-706.605	5114.11	0.984367
1025.08	-708.652	5110.93	0.984365
1022.73	-728.745	5098.36	0.984398
1016.67	-736.676	5092.43	0.984394
1010.93	-729.644	5090.02	0.984386
1010.88	-714.56	5100.92	0.984379
1011.95	-694.071	5106.22	0.984369
1006.81	-686.07	5122.19	0.984365
1006.26	-687.704	5137.13	0.984363
1009.88	-696.157	5144.84	0.984358
1015.53	-711.872	5161.12	0.984353
1023.48	-728.332	5182.7	0.984342
1036.62	-737.165	5209.49	0.98434
1058.95	-736.364	5235.43	0.984337
1086.63	-731.148	5253.48	0.984338
1113.44	-726.939	5267.31	0.984341
1134.04	-722.171	5271.97	0.984343
1144.76	-720.391	5271.63	0.984343
1148.48	-718.603	5277.05	0.984353
1148.82	-718.787	5290.33	0.984364
1147.56	-732.744	5297.31	0.98436
1148.03	-754.848	5300.64	0.984358
1148.84	-782.351	5299.4	0.984353
1151.22	-811.356	5296.16	0.984353
1156.12	-831.905	5299.97	0.984367
1162.4	-829.891	5317.45	0.984366
1170.42	-810.791	5349.69	0.98437
1182.53	-790.477	5386.18	0.984377
1200.94	-776.419	5417.68	0.984377
1225.28	-772.843	5444.06	0.984388
1251.15	-779.639	5462.01	0.984392
1277.28	-797.491	5471.54	0.984395
1296.16	-801.102	5475.29	0.984427
1304.66	-783.533	5478.96	0.98448
1303.33	-760.298	5476.81	0.984514
1297.06	-727.411	5482.5	0.984586
1287.72	-687.217	5493.39	0.984615
1281.17	-660.492	5502.94	0.984642
1282.28	-651.85	5509.52	0.984658
1290.28	-657.039	5515.88	0.984687
1303.65	-666.479	5523.42	0.984718
1319.23	-678.06	5532.95	0.984751
1334.71	-680.61	5545.91	0.984798
1348.39	-675.649	5561.97	0.984842
1359.22	-666.674	5577.93	0.984887
1369.17	-654.026	5592.48	0.98493
1378.76	-642.768	5605.41	0.984973
1389.52	-635.477	5615.14	0.985016
1401.15	-627.62	5622.81	0.985066
1413.54	-622.486	5627.26	0.98512
1426.5	-614.679	5628.47	0.985176
1437.53	-606.403	5624.5	0.985232
1446.63	-597.246	5615.49	0.985288
1451.75	-583.68	5605.51	0.985355
1453.2	-572.014	5595.21	0.985422
1452.58	-572.944	5587.66	0.985479
1452.13	-574.737	5584.73	0.985553
1456.52	-582.18	5584.6	0.985614
1466.08	-586.792	5586.93	0.985684
1481.71	-591.386	5590.18	0.985746
1503.38	-594.074	5592.22	0.985808
1527.73	-593.659	5593.53	0.985868
1551.8	-593.34	5593.35	0.985929
1573.08	-588.732	5589.26	0.985985
1589.1	-582.746	5579.99	0.986043
1600.91	-576.817	5565.85	0.986101
1602.16	-573.772	5555.56	0.986157
1592.96	-570.835	5544.19	0.986215
1580.63	-568.202	5531.87	0.986273
1571.09	-565.973	5518.82	0.986331
1566.31	-564.871	5507.15	0.986389
1566.8	-563.8	5494.39	0.986448
1570.27	-565.779	5479.44	0.986505
1575.76	-568.933	5463.19	0.986562
1581.73	-571.652	5446.49	0.986619
1585.67	-574.681	5431.57	0.986678
1586.89	-576.067	5416.51	0.986738
1583.57	-575.857	5399.14	0.986799
1574.23	-568.574	5384.49	0.986853
1560.81	-559.732	5373.35	0.986916
1547.22	-547.801	5365.95	0.986976
1537.59	-538.755	5359.63	0.987036
1532.31	-541.113	5350.38	0.987085
1531.53	-551.378	5338.37	0.987114
1531.8	-557.938	5324.34	0.987151
1531.87	-559.158	5304.77	0.987211
1526.81	-550.696	5282.99	0.987236
1514.63	-525.49	5262	0.987278
1496.08	-491.132	5238.45	0.987331
1473.4	-461.176	5212.46	0.98736
1451.42	-452.553	5180.19	0.987364
1431.14	-464.087	5147.66	0.987372
1411.83	-477.623	5120.08	0.987392
1395.94	-505.582	5095.91	0.987435
1382.3	-532.987	5074.34	0.987477
1369.71	-544.388	5061.93	0.987486
1359.65	-556.461	5055.76	0.987528
1352.7	-545.755	5056.58	0.987566
1350.27	-514.821	5062.25	0.987616
1351.22	-476.248	5067.72	0.987663
1356.42	-452.238	5063.27	0.987697
1362.15	-445.356	5051.19	0.987763
1364.03	-438.083	5038.14	0.987823
1360.88	-434.757	5021.22	0.987871
1352.92	-438.241	4998.73	0.987894
1340.71	-433.832	4980.14	0.987952
1324.41	-414.895	4971.06	0.98803
1309.27	-385.133	4966.04	0.988099
1299.8	-358.296	4961.19	0.988164
1296.64	-335.133	4956.61	0.98822
1299.04	-321.024	4950.41	0.988276
1305.42	-313.445	4941.1	0.988333
1311.84	-317.642	4924.87	0.988391
1316.18	-330.898	4901.65	0.98844
1315.84	-344.836	4874.18	0.988488
1308.52	-344.712	4848.17	0.988543
1295.11	-333.865	4821.64	0.988594
1277.51	-324.377	4792.62	0.988636
1259	-315.433	4763.83	0.988686
1240.58	-304.188	4740.15	0.988748
1223.07	-296.9	4717.5	0.988797
1207.91	-290.019	4699.46	0.988855
1196.49	-283.865	4686.92	0.988917
1189.1	-273.474	4681.28	0.988981
1186.76	-271.219	4674.95	0.989043
1192.58	-302.977	4650.04	0.989126
1195.55	-339.059	4622.48	0.989202
1183.15	-353.66	4609.69	0.98925
1158.28	-346.441	4609.69	0.989293
1135.25	-335.956	4599.85	0.989353
1117.89	-303.914	4595.48	0.98941
1104.95	-266.041	4590.28	0.98945
1093.89	-240.099	4586.04	0.989495
1086.03	-227.802	4577.75	0.989539
1080.23	-240.323	4557.76	0.989586
1068.19	-249.614	4538.93	0.989615
1047.14	-253.078	4522.91	0.989642
1020.36	-254.696	4506.99	0.989662
992.11	-255.449	4485.96	0.989688
961.916	-245.054	4466.41	0.989734
929.995	-231.176	4444.53	0.989769
895.717	-221.695	4419.34	0.989795
860.521	-217.026	4392.66	0.989804
826.742	-227.219	4362.72	0.989823
793.742	-242.453	4333.87	0.989834
760.215	-257.891	4309.93	0.989851
727.303	-267.618	4291.76	0.989862
699.491	-270.73	4280.15	0.989873
677.627	-264.542	4277.26	0.989882
661.914	-250.813	4282.16	0.989884
652.885	-238.747	4286.45	0.989893
650.214	-229.277	4285.79	0.989904
650.019	-218.99	4282.79	0.989927
647.229	-212.115	4267.81	0.989942
638.405	-210.356	4243.96	0.989955
620.186	-214.712	4221.19	0.98996
595.053	-223.268	4202.24	0.989968
569.607	-233.237	4188.83	0.989969
549.242	-245.044	4183.9	0.989976
538.576	-248.818	4187.5	0.989983
536.65	-244.01	4193.61	0.989989
541.071	-235.331	4201.44	0.989994
549.401	-221.756	4206.3	0.989999
557.585	-208.3	4205.22	0.990005
563.697	-193.745	4195.31	0.990018
565.35	-179.171	4179.33	0.990027
558.737	-169.964	4161.04	0.990036
544.744	-167.67	4142.84	0.990045
526.254	-169.351	4127.64	0.990054
507.072	-173.743	4120.25	0.990062
491.458	-176.801	4119.75	0.990065
483.159	-177.32	4125.18	0.990066
482.082	-165.227	4137.69	0.990087
487.681	-151.056	4149.24	0.9901
496.67	-129.606	4160.29	0.990119
506.631	-115.97	4163.36	0.990126
520.148	-115.981	4152.74	0.990222
526.792	-113.019	4137.87	0.990279
523.298	-116.638	4116.09	0.990294
511.618	-123.974	4092.25	0.990309
499.675	-151.459	4060.73	0.990371
489.809	-185.074	4026.6	0.990462
472.615	-194.459	4009.41	0.990506
452.305	-180.105	4010.66	0.990527
436.488	-152.28	4021.89	0.990574
430.17	-121.507	4037.88	0.990626
436.4	-108.05	4045.62	0.990668
449.046	-98.5981	4049.19	0.990703
461.451	-96.1012	4049.55	0.990737
473.766	-113.634	4038.8	0.990771
468.542	-118.721	4044.26	0.990769
455.025	-117.127	4056.38	0.990758
451.088	-124.732	4055.91	0.990783
453.428	-129.84	4046.51	0.990829
458.496	-138.937	4029.63	0.990871
463.471	-151.829	4006.23	0.990911
464.835	-164.025	3979.92	0.990961
456.6	-175.348	3960.38	0.99101
439.04	-184.061	3954.47	0.991053
419.189	-190.393	3962.22	0.991089
406.798	-195.349	3980.38	0.991121
406.869	-199.688	4002.06	0.991155
417.629	-202.593	4017.67	0.991183
436.143	-201.952	4029.17	0.991207
456.112	-202.735	4033.19	0.99122
471.81	-209.87	4028.43	0.991232
478.482	-219.191	4021.83	0.991241
473.596	-222.853	4016.97	0.991236
458.116	-225.582	4016.62	0.991204
437.62	-215.485	4023.8	0.991195
418.763	-196.892	4042.68	0.991144
407.979	-175.877	4057.21	0.991133
407.068	-155.975	4067.27	0.991134
412.533	-139.876	4071.77	0.991149
421.557	-140.221	4065.63	0.991207
426.727	-138.804	4055.33	0.991257
422.571	-126.65	4047.17	0.991311
411.83	-112.876	4045.02	0.991385
398.7	-108.039	4045.68	0.991451
387.375	-116.866	4046.58	0.991524
378.222	-129.625	4047.31	0.991592
371.877	-141.684	4048.2	0.991675
367.209	-150.522	4047.12	0.991753
360.69	-152.873	4048.98	0.991838
351.805	-145.413	4055.96	0.991911
341.515	-136.354	4067.35	0.991991
331.008	-128.836	4077.26	0.992069
320.642	-118.253	4089.37	0.992135
311.934	-109.145	4099.71	0.992198
301.376	-100.515	4112.31	0.992256
289.609	-96.8364	4122.46	0.992271
277.946	-103.628	4122.28	0.992268
267.91	-119.079	4115.18	0.992265
258.293	-131.762	4108.24	0.992252
245.852	-133.225	4106.71	0.992208
232.245	-127.47	4110.84	0.992165
218.213	-117.977	4116.04	0.992117
208.273	-103.658	4126.07	0.99208
203.384	-90.4281	4140.57	0.992045
200.403	-79.3098	4157.39	0.992012
199.925	-69.48	4173.11	0.991985
202.313	-61.3767	4186.75	0.991962
204.029	-47.5275	4196.6	0.991961
203.902	-35.5898	4198.09	0.991954
200.074	-29.8905	4193.57	0.991953
191.829	-30.6525	4183.11	0.99195
180.329	-38.5758	4169.45	0.991956
164.857	-59.094	4155.23	0.991987
143.765	-81.3869	4144.64	0.992012
121.162	-94.855	4138.99	0.992031
98.6544	-90.6596	4138.93	0.992034
78.9908	-77.47	4143.73	0.992038
63.3886	-59.0529	4149.56	0.992041
51.2828	-41.4641	4156.18	0.99204
41.5738	-29.0781	4159.54	0.992043
32.0825	-23.461	4161.08	0.992044
19.8676	-27.7905	4157.32	0.992046
6.05224	-35.4196	4147.49	0.992039
-12.4925	-36.5067	4139.18	0.992032
-33.0397	-46.1255	4126.92	0.992031
-54.1552	-53.1671	4115.01	0.99203
-76.8437	-57.4665	4107.39	0.992024
-99.6118	-60.9406	4103.9	0.992019
-120.122	-64.6105	4105.76	0.992012
-137.241	-77.2094	4111.35	0.991984
-151.088	-91.4667	4119.53	0.991965
-160.808	-105.58	4131.1	0.991944
-165.963	-121.383	4140.86	0.991927
-166.713	-145.784	4148.55	0.991888
-167.924	-170.128	4155.08	0.991845
-171.428	-186.837	4161.92	0.991799
-175.402	-194.871	4169.09	0.99174
-180.869	-192.843	4177.1	0.99169
-188.175	-184.191	4183.31	0.991643
-196.415	-176.889	4184.79	0.991597
-205.125	-174.919	4177.28	0.991551
-211.12	-172.491	4166.1	0.991499
-216.952	-172.378	4151.58	0.99143
-221.409	-181.651	4135.24	0.991386
-229.767	-191.814	4131.69	0.991327
-242.103	-196.196	4145.8	0.991268
-249.887	-202.823	4170.18	0.991221
-254.75	-209.026	4206.59	0.991171
-254.366	-210.095	4249.35	0.991119
-248.474	-209.593	4294.7	0.991064
-240.138	-203.271	4334.25	0.991015
-233.505	-194.109	4372.12	0.990963
-230.659	-184.745	4400.99	0.990917
-230.64	-179.385	4419.76	0.990876
-231.439	-190.952	4428.11	0.990821
-232.25	-212.511	4426.45	0.990769
-231.843	-234.995	4421.46	0.990709
-232.775	-252.176	4418.96	0.990649
-235.171	-256.139	4424.59	0.990566
-240.611	-244.587	4440.8	0.990474
-243.733	-236.732	4457.51	0.990397
-247.532	-223.828	4480.2	0.990299
-246.383	-217.465	4496.42	0.990218
-231.447	-237.017	4493.51	0.990177
-225.247	-248.022	4496.13	0.990087
-225.517	-255.261	4500.66	0.990008
-218.308	-273.253	4493.1	0.989964
-220.854	-280.323	4496.51	0.989879
-218.447	-290.983	4493.88	0.98984
-223.019	-295.089	4502.75	0.989776
-220.884	-305.103	4503.58	0.989741
-230.732	-291.708	4522.48	0.989671
-230.628	-288.639	4531.35	0.989635
-235.523	-278.983	4544.5	0.989578
-234.578	-280.161	4540	0.989553
-243.49	-274.33	4525.89	0.989513
-258.281	-272.459	4518.11	0.98945
-274.291	-277.361	4518.24	0.989395
-289.014	-284.087	4531.71	0.989333
-297.805	-294.81	4554.03	0.989282
-298.952	-306.326	4579.11	0.989228
-293.789	-314.834	4605.72	0.989174
-286.737	-322.332	4629.2	0.989115
-284.012	-316.718	4656.59	0.989054
-284.426	-313.899	4678.67	0.988999
-288.079	-314.749	4697.99	0.988945
-294.059	-323.916	4715.79	0.988885
-300.622	-335.932	4731.25	0.988833
-305.638	-348.471	4741.46	0.988786
-310.507	-357.505	4751.37	0.988738
-315.171	-367.687	4759.72	0.988679
-319.321	-373.375	4767.62	0.988624
-324.734	-373.72	4775.78	0.988557
-331.814	-374.591	4785.53	0.988481
-339.472	-371.287	4797.56	0.988412
-343.752	-368.846	4810.28	0.988346
-345.654	-367.783	4825.21	0.988271
-343.158	-371.474	4842.27	0.988204
-335.339	-379.945	4865.49	0.988137
-326.09	-395.005	4892.52	0.988076
-319.402	-409.97	4924.92	0.988009
-311.726	-432.323	4956.6	0.987953
-306.312	-451.753	4984.17	0.987898
-306.004	-451.256	5017.58	0.987821
-306.054	-451.253	5045.41	0.987766
-303.003	-452.512	5066.24	0.987713
-299.256	-450.55	5083.54	0.987663
-296.521	-448.025	5100.33	0.987613
-295.763	-438.27	5121.16	0.987567
-298.523	-432.301	5139.49	0.987528
-302.903	-424.774	5160.13	0.987496
-312.631	-436.933	5172.78	0.987436
-322.329	-467.234	5176.69	0.987369
-327.422	-508.786	5178.65	0.987284
-325.132	-553.212	5182.3	0.987208
-316.592	-572.197	5203.93	0.987132
-307.947	-567.687	5236.14	0.987075
-305.999	-542.898	5269.62	0.987022
-311.981	-505.669	5301.98	0.986979
-322.767	-486.977	5324.86	0.986918
-336.277	-469.95	5342.2	0.986877
-346.099	-458.889	5350.7	0.986838
-347.076	-468.444	5355.43	0.986777
-348.956	-474.302	5354.79	0.986735
-356.767	-472.409	5352.13	0.986696
-368.722	-470.585	5346.72	0.986663
-383.892	-469.702	5341.77	0.986618
-404.821	-460.434	5335.19	0.986596
-426.063	-450.618	5331.89	0.986558
-438.184	-455.068	5332.26	0.986522
-451.733	-455.418	5338.73	0.986496
-459.1	-472.53	5354.76	0.986462
-460.833	-506.46	5378.21	0.9864
-465.945	-536.341	5404.86	0.986365
-472.674	-567.428	5432	0.986306
-482.779	-580.235	5461.22	0.98626
-493.442	-592.35	5484.87	0.98619
-503.658	-588.944	5506.82	0.986135
-510.794	-567.258	5529.98	0.98609
-521.319	-558.094	5549.01	0.986019
-531.781	-559.185	5565.55	0.985961
-534.477	-549.258	5586.1	0.98593
-538.287	-551.463	5609.25	0.985879
-550.113	-572.55	5626.46	0.985824
-560.563	-591.904	5641.66	0.985791
-572.416	-617.122	5646.98	0.985739
-573.179	-638.926	5649.02	0.985698
-565.378	-646.773	5651.89	0.985662
-558.781	-645.898	5653.29	0.985612
-555.069	-632.138	5656.11	0.985574
-558.335	-621.726	5654.77	0.985531
-565.436	-613.327	5656.39	0.985493
-575.055	-603.286	5665.33	0.985455
-583.907	-595.276	5675.1	0.985418
-590.213	-593.304	5689.53	0.985385
-592.42	-598.824	5706.89	0.985354
-589	-610.651	5724.05	0.98532
-580.272	-627.123	5740.99	0.985289
-574.941	-640.395	5760	0.985266
-578.505	-634.939	5784.55	0.98524
-579.528	-626.965	5807.39	0.985217
-569.427	-626.556	5824.26	0.985196
-545.081	-657.42	5828.59	0.985208
-525.243	-709.79	5824.2	0.985226
-521.918	-766.165	5815.52	0.985238
-538.341	-813.569	5814.21	0.985254
-562.753	-843.778	5821.66	0.985261
-582.848	-849.64	5842.64	0.985271
-590.45	-843.054	5869.53	0.985286
-585.941	-832.853	5904.08	0.985299
-568.865	-822.666	5935.59	0.985309
-549.641	-816.239	5961.05	0.985319
-529.639	-800.363	5977.37	0.985316
-510.83	-773.979	5979.31	0.985304
-498.685	-742.849	5965.72	0.985285
-510.655	-733.072	5947.94	0.98528
-534.241	-744.299	5927.77	0.985276
-564.319	-777.419	5899.07	0.985262
-577.573	-815.497	5866.52	0.985253
-570.849	-840.354	5835.69	0.985247
-551.345	-843.798	5813.78	0.985243
-527.469	-817.853	5798.8	0.985228
-513.104	-773.243	5793.17	0.985208
-515.476	-730.401	5798.55	0.985186
-529.432	-703.023	5810.44	0.985163
-544.278	-694.712	5821.27	0.985139
-561.026	-727.122	5841.08	0.985141
-569.626	-771.682	5862.25	0.985139
-570.779	-805.395	5880.85	0.985135
-567.927	-818.995	5896.36	0.985133
-562.441	-812.954	5906.7	0.985132
-563.23	-798.229	5901.93	0.985124
-563.264	-777.974	5884.41	0.985111
-556.11	-774.234	5844.31	0.985082
-554.362	-768.627	5806.22	0.985067
-556.877	-762.666	5772.2	0.985051
-566.68	-746.416	5754.91	0.985044
-580.436	-721.799	5751.85	0.985045
-588.725	-701.193	5759.79	0.985043
-589.512	-667.763	5773.52	0.985027
-581.275	-634.041	5787.38	0.985007
-569.018	-609.429	5794.34	0.98499
-556.885	-598.108	5789.28	0.984973
-547.952	-594.458	5779.03	0.984953
-546.707	-594.84	5764.44	0.984932
-546.95	-597.305	5749.39	0.98491
-544.927	-595.092	5745.75	0.984883
-542.295	-594.546	5741.01	0.984854
-539.151	-601.874	5728.96	0.98482
-535.848	-613.573	5717.5	0.984785
-527.878	-612.868	5714.81	0.984762
-521.219	-609.375	5714.04	0.984742
-516.651	-606.527	5710.12	0.98471
-517.53	-633.656	5692.75	0.984649
-516.183	-671.641	5672.28	0.984604
-507.713	-695.911	5662.4	0.984547
-495.246	-703.295	5660.94	0.984492
-483.266	-700.923	5662.32	0.984432
-471.733	-688.264	5664.06	0.984377
-464.176	-677.79	5660.97	0.98432
-457.772	-670.604	5653.38	0.984267
-453.538	-670.705	5647.36	0.984216
-447.104	-679.045	5641.72	0.984181
-438.493	-705.965	5633.71	0.984142
-428.089	-746.103	5627.18	0.98412
-423.902	-784.702	5624.02	0.984093
-420.475	-805.356	5619.38	0.98407
-416.407	-808.343	5618.15	0.984045
-410.419	-799.681	5620.88	0.98402
-400.594	-776.051	5622.94	0.983988
-386.371	-744.928	5626.94	0.98396
-365.172	-724.785	5636.85	0.983924
-340.648	-724.395	5651.55	0.983884
-317.247	-739.919	5667.77	0.983846
-298.329	-756.194	5682.69	0.983813
-281.078	-772.951	5697.39	0.983783
-266.909	-782.649	5708.38	0.983751
-255.585	-788.529	5714.28	0.983721
-243.552	-787.242	5715.24	0.983698
-228.482	-789.758	5708.49	0.983681
-215.946	-781.274	5706.27	0.983662
-205.426	-771.292	5707.82	0.983642
-196.494	-769.316	5705.5	0.983622
-189.97	-777.904	5700.83	0.983597
-184.449	-775.437	5709.29	0.983574
-180.152	-778.663	5717.06	0.983549
-175.734	-789.279	5723.57	0.983518
-169.676	-800.449	5734.51	0.983493
-160.813	-810.73	5747.58	0.983464
-150.747	-817.913	5764.24	0.983439
-139.218	-817.759	5784.34	0.983416
-128.763	-819.961	5798.57	0.983386
-118.439	-820.052	5815.78	0.983362
-109.368	-822.048	5831.74	0.983333
-101.411	-826.724	5846.14	0.983302
-92.7226	-837.656	5860.27	0.983273
-83.5518	-852.532	5875.46	0.983243
-74.9907	-873.621	5894.68	0.98322
-66.6964	-889.643	5922.82	0.983196
-58.1355	-884.943	5968.16	0.98319
-46.0004	-889.963	6007.65	0.983174
-29.618	-873.528	6060.59	0.983185
-8.12572	-843.826	6112.2	0.983179
15.8403	-827.701	6147.47	0.983176
35.4664	-836.043	6165.31	0.983181
49.8168	-847.881	6170.7	0.983176
60.1127	-866.8	6164.69	0.983168
66.8489	-879.962	6150.93	0.983165
70.7545	-892.12	6131.95	0.983163
73.8575	-925.936	6102.64	0.983132
79.1011	-925.396	6072.68	0.983126
80.2342	-935.75	6043.74	0.983095
83.121	-928.533	6018.83	0.983086
87.1415	-913.899	6006.99	0.983077
93.0967	-897.976	6006.8	0.983065
105.057	-881.879	6020.16	0.983048
120.387	-888.727	6047.64	0.983047
145.076	-900.271	6082.75	0.983039
178.777	-909.294	6116	0.983032
216.531	-912.14	6146.04	0.98303
252.91	-910.295	6168.55	0.983005
282.76	-915.774	6188.25	0.98301
301.318	-960.248	6203.53	0.982986
322.75	-988.407	6212.76	0.982986
347.291	-985.883	6220.77	0.982979
371.78	-963.952	6226.59	0.982986
394.831	-930.757	6234.72	0.982984
413.212	-921.487	6234.72	0.982965
433.872	-934.48	6229.85	0.982968
451.798	-934.201	6232.76	0.982945
467.591	-931.06	6238.16	0.982939
483.153	-898.625	6256.79	0.98289
494.841	-838.435	6289.81	0.982825
504.942	-781.57	6312.53	0.982741
515.767	-757.412	6305.23	0.982671
527.937	-767.269	6272.29	0.982614
540.853	-814.47	6214.38	0.982572
553.14	-911.054	6132.45	0.98257
559.752	-1009.6	6076.94	0.98257
559.925	-1071.64	6081.71	0.982567
560.872	-1091.03	6133.91	0.982571
570.509	-1076.92	6209.25	0.982575
597.205	-1039.17	6288.34	0.98258
637.229	-998.748	6347.98	0.982585
684.155	-968.586	6376.65	0.982588
730.182	-961.667	6371.73	0.98259
764.608	-969.666	6345.97	0.982591
783.827	-988.186	6312.13	0.982595
790.434	-986.613	6295.51	0.982579
790.853	-991.749	6287.7	0.982577
794.3	-968.381	6308.9	0.982549
804.447	-918.123	6358.54	0.982501
823.985	-839.059	6435.34	0.982428
856.034	-767.462	6524.71	0.982358
903.351	-741.474	6608.91	0.982283
963.702	-757.642	6679.93	0.982211
1033.43	-799.69	6728.91	0.98214
1101.39	-843.678	6749.43	0.982067
1155.58	-869.367	6738.31	0.982001
1189.4	-874.829	6699.37	0.981938
1195.57	-862.099	6637.4	0.981875
1175.51	-845.844	6567.19	0.981814
1137.59	-825.349	6506.58	0.981757
1096.14	-817.717	6475.01	0.981704
1070.9	-820.269	6484.94	0.981655
1068.66	-909.634	6546.65	0.98166
1112.58	-1040.68	6631.96	0.981683
1201.02	-1136.34	6708.92	0.981694
1305.98	-1177.66	6760.28	0.981706
1391.17	-1166.54	6777.59	0.981713
1433.3	-1136.63	6773.51	0.981723
1435.35	-1092.24	6749.88	0.981724
1405.34	-1075.07	6717.1	0.981741
1375.4	-1051.69	6680.42	0.981746
1360.69	-1045.42	6645.92	0.981759
1364.9	-1037.08	6615.07	0.981766
1382.05	-1023.98	6595.6	0.98177
1404.73	-1043.54	6581.86	0.98179
1428.04	-1054.23	6585.76	0.981796
1451.28	-1082.31	6595.45	0.981817
1474.73	-1091.53	6616.66	0.981821
1500.14	-1102.51	6636.42	0.98184
1526.73	-1094.06	6669.15	0.981844
1557.98	-1087.13	6701.12	0.981847
1590.24	-1081	6733.84	0.981852
1618.66	-1086.48	6750.95	0.981864
1638.67	-1094.62	6756.54	0.981877
1653.78	-1104.69	6754.18	0.981895
1668.48	-1106.19	6759.5	0.981917
1683.45	-1106.3	6768.16	0.981941
1697.6	-1110.27	6773.98	0.981971
1710.54	-1108.09	6785.83	0.981995
1724.87	-1099.27	6804.9	0.982015
1742.6	-1090.08	6825.38	0.982038
1763.74	-1077.58	6844.12	0.982055
1786.98	-1066.94	6852.23	0.982067
1814.08	-1069.99	6845.28	0.982072
1840.22	-1082.29	6831.82	0.982077
1859.47	-1103.71	6817.8	0.982073
1870.59	-1122.35	6808.77	0.982071
1876.79	-1140.05	6805.65	0.98207
1879.11	-1156.82	6809.38	0.982069
1879.89	-1167.04	6813.94	0.982071
1877.68	-1175.03	6824.58	0.982072
1879.38	-1187.23	6849.32	0.982071
1896.29	-1206.65	6874.59	0.982078
1924.16	-1224.26	6895.23	0.982086
1953.7	-1235.28	6910.27	0.982094
1979.11	-1248.58	6911.4	0.982103
1996.58	-1257.01	6900.42	0.982108
1995.26	-1262.59	6872.89	0.98212
1972.95	-1249.31	6835.69	0.98213
1937.19	-1228.46	6798.51	0.982139
1890.34	-1208.32	6767.73	0.98215
1841.29	-1188.61	6753.34	0.982156
1802.7	-1178.63	6759.86	0.982162
1784.7	-1183.47	6789.2	0.982166
1801.3	-1211.15	6837.64	0.982178
1843.72	-1248.86	6882.35	0.982185
1894.99	-1275.3	6911.36	0.982197
1935.38	-1289.3	6920.55	0.982209
1954.72	-1291.03	6910.46	0.982222
1949.24	-1279.89	6883.55	0.982234
1919.9	-1253.62	6848.45	0.982248
1878.47	-1225.1	6816.45	0.98226
1838.78	-1200.22	6794.56	0.982274
1808.78	-1183.18	6787.7	0.982286
1795.16	-1168.85	6794.37	0.982297
1795.26	-1158.79	6813.87	0.982311
1806.97	-1156.42	6840.93	0.982322
1827.81	-1158.77	6873.73	0.982332
1851.87	-1166	6907.24	0.982343
1874.12	-1167.8	6940.11	0.982353
1892.06	-1163.36	6969.9	0.982364
1907.38	-1152.42	6997.64	0.982375
1919.31	-1135.04	7022.03	0.982387
1928.49	-1116.99	7039.84	0.982398
1935.38	-1101.53	7049.67	0.98241
1941.29	-1084.49	7051.36	0.982423
1944.22	-1067.28	7047.43	0.982438
1943.11	-1050.89	7040.57	0.982454
1938.41	-1035.63	7033.16	0.982472
1929.99	-1022.94	7030.03	0.98249
1919.16	-1009.93	7029.38	0.98251
1909.07	-999.133	7032.5	0.982532
1899.49	-990.405	7038.75	0.982554
1894.86	-983.722	7045.67	0.982577
1895.93	-977.276	7053.89	0.9826
1901.61	-973.375	7068.53	0.982625
1909.61	-969.453	7088.83	0.982653
1918.6	-961.926	7114.11	0.982681
1926.59	-952.963	7142.72	0.982712
1935.41	-942.297	7170.79	0.982743
1944.01	-932.3	7197.54	0.982774
1951.67	-924.171	7223.18	0.982807
1960.35	-918.001	7245.25	0.982841
1970.14	-911.585	7263.64	0.982877
1979.92	-903.727	7278.07	0.982915
1987.87	-897.006	7293.28	0.982955
1995.87	-891.066	7311.49	0.982998
2012.31	-944.737	7313.4	0.983009
2027.41	-1003.69	7312.79	0.983025
2036.67	-1039.71	7314.9	0.983043
2044.33	-1070.01	7319.34	0.983053
2051.19	-1087.66	7328.63	0.983062
2058.77	-1079.52	7340.47	0.983076
2064.91	-1053.84	7352.19	0.983094
2068.61	-1024.91	7362.08	0.983114
2072.84	-1001.59	7368.01	0.983136
2076.12	-989.172	7370.34	0.98316
2076.29	-980.789	7366.63	0.983184
2073.5	-977.642	7358.79	0.983211
2068.35	-975.954	7348.84	0.983236
2061.55	-970.783	7338.75	0.983264
2053.84	-963.22	7330.39	0.983293
2046.39	-957.4	7325.27	0.983322
2043.55	-954.835	7321.73	0.983353
2043.83	-953.041	7319.41	0.983385
2045.23	-950.318	7317.95	0.983419
2046.11	-943.916	7317.32	0.983455
2045.57	-933.85	7317.99	0.983493
2042.28	-921.487	7317.27	0.983533
2040.45	-910.101	7313.93	0.983574
2036.24	-897.642	7312.17	0.983619
2033.73	-882.883	7310.42	0.983667
2032.17	-870.706	7309.18	0.983719
2031.01	-860.896	7309.06	0.983772
2029.91	-850.395	7310.98	0.983827
2029.09	-839.899	7314.96	0.983885
2029.18	-831.901	7320.16	0.983943
2028.25	-827.687	7328.85	0.984002
2028.63	-825.714	7339.73	0.984062
2031.55	-824.102	7351.67	0.984124
2034.86	-824.7	7365.86	0.984185
2039.76	-826.597	7380.26	0.984246
2048.38	-827.351	7390.42	0.984307
2057.8	-829.084	7395.47	0.98437
2064.69	-828.8	7397.93	0.984431
2067.73	-827.38	7398.08	0.984492
2067.34	-825.632	7396.07	0.984553
2064.78	-824.103	7392.21	0.984613
2061.33	-823.086	7387.06	0.984674
2057.86	-822.676	7381.4	0.984735
2054.75	-822.82	7376.09	0.984797
2052.09	-823.35	7371.84	0.984858
2049.92	-824.039	7369.14	0.984919
2048.14	-822.849	7369.4	0.984981
2047.16	-821.004	7371.32	0.985043
2047.11	-817.656	7375.08	0.985105
2048.18	-814.656	7378.97	0.985166
2050.14	-813.026	7382.13	0.985227
2052.59	-814.762	7383.27	0.985287
2054.45	-816.057	7384.75	0.985348
2055.43	-816.613	7386.48	0.985409
2053.88	-817.09	7384.35	0.985471
2051.4	-819.109	7378.66	0.985532
2048.22	-819.182	7372.34	0.985594
2044.84	-820.071	7365.22	0.985655
2041.31	-821.079	7358.53	0.985717
2037.74	-821.772	7353.14	0.985778
2034.44	-822.056	7349.51	0.985839
2031.83	-822.078	7347.77	0.9859
2030.25	-822.064	7347.83	0.985962
2029.87	-822.179	7349.37	0.986023
2030.43	-820.312	7352.44	0.986083
2031.82	-818.298	7356.24	0.986144
2033.84	-817.211	7360.14	0.986204
2036.17	-817.215	7363.65	0.986264
2038.45	-817.884	7366.44	0.986324
2040.38	-818.643	7368.33	0.986384
2041.68	-819.091	7369.26	0.986444
2042.38	-821.353	7369.1	0.986503
2042.49	-823.55	7368.1	0.986562
2042.02	-824.654	7366.57	0.986621
2041.02	-824.574	7364.87	0.98668
2039.67	-823.804	7363.33	0.986739
2038.24	-822.947	7362.23	0.9868
2037.04	-822.451	7361.74	0.986859
2036.32	-822.434	7361.87	0.986918
2036.05	-820.569	7362.81	0.986978
2036.32	-820.77	7364.03	0.987037
2037.09	-822.139	7365.35	0.987096
2038.13	-823.651	7366.63	0.987155
2039.16	-824.648	7367.79	0.987214
2039.95	-824.956	7368.78	0.987273
2040.42	-824.75	7369.56	0.987332
2040.62	-824.335	7370.13	0.987391
