1663.46	-1077.89	6440.59	0.993738
1666.53	-1076.71	6442.33	0.994569
1674.35	-1073.8	6446.7	0.994741
1690.27	-1068.36	6455.59	0.993203
1717.15	-1058.97	6471.33	0.990292
1755.37	-1048.79	6494.46	0.98655
1801.41	-1042.97	6524.23	0.982702
1849.32	-1045.05	6559.41	0.979697
1890.32	-1050.29	6602.05	0.977356
1920.81	-1067.11	6647.13	0.976419
1939.82	-1091.92	6695.51	0.976057
1951.02	-1115.07	6745.08	0.976249
1958.9	-1132.66	6794.84	0.976436
1966.32	-1140.07	6842.04	0.976624
1976.91	-1137.65	6880.74	0.976737
1992.48	-1123.51	6904.97	0.976758
2009.26	-1100.85	6916.21	0.976784
2021.17	-1074.88	6914.87	0.976908
2022.75	-1046.81	6904	0.977113
2011.8	-1021.57	6885.91	0.977338
1990.14	-1002.89	6865.84	0.977557
1962.23	-990.38	6844.18	0.977688
1929.77	-983.914	6826.4	0.97787
1896.91	-977.611	6815.76	0.978036
1869.18	-971.572	6815.22	0.978219
1849.58	-965.159	6823.69	0.978378
1838.84	-953.318	6840.85	0.978517
1834.86	-935.75	6867.06	0.978677
1838.44	-917.188	6900.39	0.978834
1848.14	-900.497	6936.16	0.978937
1861.84	-888.341	6970.05	0.978989
1876.61	-880.217	6999.33	0.979006
1890.45	-875.45	7024.76	0.979033
1901.12	-876.631	7043.45	0.979039
1905.13	-906.435	7040.65	0.97894
1902.65	-952.151	7018.58	0.978832
1891.06	-997.37	6984.5	0.978749
1869.04	-1029.98	6945.25	0.9787
1838.62	-1039.89	6905.39	0.978671
1802.48	-1032.51	6867.94	0.978681
1766.03	-1016.92	6832.22	0.978708
1731.54	-997.972	6801.34	0.978766
1704.29	-979.913	6780.38	0.978854
1686.25	-963.908	6770.53	0.978942
1676.26	-949.981	6774.16	0.979035
1672.68	-934.163	6793.06	0.979127
1675.99	-921.972	6819.28	0.979203
1683.26	-907.654	6851.19	0.979274
1696.15	-940.09	6863.64	0.979294
1708.91	-1002.43	6857.16	0.979303
1717.87	-1077.9	6833.52	0.979309
1715.15	-1138.55	6799.65	0.979313
1698.08	-1172.86	6761.79	0.97932
1666.92	-1175.74	6718.09	0.979328
1625.03	-1149.11	6674.93	0.979341
1577.33	-1107.71	6632.32	0.979349
1530.24	-1067.17	6592.59	0.97935
1488.48	-1036.58	6558.67	0.979347
1454.48	-1016.65	6534.14	0.979336
1429.37	-1007.61	6520.38	0.979324
1413.24	-1009.17	6516.87	0.979314
1406.19	-1015.29	6521.09	0.979308
1405.45	-1021.12	6532.09	0.979302
1408.23	-1024.34	6547.82	0.979299
1412.18	-1023.89	6565.95	0.979299
1415.55	-1019.91	6584.19	0.9793
1416.01	-998.038	6600.97	0.979293
1413.81	-969.823	6612.9	0.979284
1410.44	-955.627	6614.36	0.979285
1404.01	-955.557	6604.23	0.979288
1389.17	-953.135	6594.75	0.979275
1366.59	-954.146	6584.86	0.979267
1339.65	-955.33	6574.03	0.97926
1315.87	-963.108	6554.19	0.979265
1293.55	-972.075	6529.69	0.97927
1270.7	-980.39	6503.72	0.979273
1247.23	-986.197	6476.93	0.979275
1219.48	-986.906	6447.75	0.979277
1187.44	-979.924	6420.72	0.979279
1152.89	-969.058	6397.85	0.979279
1116.03	-959.368	6379.73	0.979279
1080.46	-951.948	6367.57	0.979281
1049.29	-948.228	6361.35	0.979278
1025.32	-949.015	6362.77	0.979277
1008.43	-953.079	6370.22	0.979275
998.818	-950.704	6384.61	0.979262
994.932	-933.182	6406.47	0.97924
996.197	-910.621	6430.38	0.979216
999.91	-889.68	6449.98	0.979193
1003.98	-874.178	6463.44	0.979171
1006.53	-868.826	6469.06	0.979154
1003.79	-877.789	6465.45	0.979142
995.703	-897.98	6454.15	0.979138
982.209	-918.446	6439.54	0.979137
963.111	-929.258	6423.43	0.979139
940.201	-923.037	6410.24	0.979144
916.736	-901.056	6397.03	0.979149
893.293	-864.596	6384.42	0.979151
870.295	-818.544	6372.4	0.97915
846.357	-767.591	6363.51	0.979136
824.652	-726.772	6356.25	0.979124
804.626	-703.2	6350.21	0.979114
786.549	-692.155	6345.27	0.979099
769.782	-695.523	6340.79	0.979083
754.625	-706.629	6335.91	0.979067
739.196	-716.984	6332.78	0.979051
727.787	-756.028	6318.38	0.979073
719.396	-808.643	6297.42	0.979094
709.051	-857.965	6275.06	0.979114
695.955	-893.745	6254.84	0.979134
676.897	-890.064	6243.71	0.979134
654.232	-852.144	6242.06	0.979129
631.879	-796.456	6246.98	0.979115
613.058	-733.647	6252.57	0.979093
598.321	-682.093	6257.95	0.979068
588.43	-651.394	6261.43	0.979042
582.329	-640.706	6263.6	0.979012
578.044	-642.963	6266.1	0.978977
572.647	-648.824	6268.28	0.978942
562.965	-656.015	6274.52	0.978908
548.936	-664.479	6282.69	0.978882
532.96	-674.464	6293.09	0.978858
517.128	-682.373	6306.95	0.978835
504.93	-688.802	6321.53	0.978812
495.3	-692.274	6334.99	0.978792
487.995	-691.709	6343.77	0.978776
481.58	-689.93	6349.07	0.978759
474.763	-687.933	6348.1	0.978744
465.392	-679.674	6341.58	0.97873
451.834	-673.376	6328.88	0.978715
434.426	-669.299	6310.08	0.978698
412.959	-671.204	6286.94	0.978688
388.828	-673.928	6261.68	0.978672
369.073	-670.579	6228.16	0.978656
349.967	-661.454	6191.85	0.978635
328.588	-650.835	6156.69	0.978617
303.475	-641.266	6126.32	0.978595
276.012	-633.996	6105.92	0.978565
250.609	-633.086	6095.12	0.978533
228.5	-640.736	6092.23	0.978497
210.017	-652.711	6096.42	0.978456
196.512	-669.826	6106.85	0.978418
186.586	-686.077	6121.61	0.97838
180.584	-706.813	6137.58	0.978351
174.955	-730.228	6153.72	0.978333
167.439	-757.608	6168.08	0.978318
158.008	-786.927	6177.95	0.978315
147.679	-811.003	6181.14	0.978313
134.216	-823.72	6176.72	0.978312
116.771	-816.224	6164.52	0.978312
96.0594	-800.144	6144.63	0.978307
71.7358	-771.51	6118.57	0.978297
45.9838	-752.511	6085.13	0.978299
18.1499	-736.646	6052.21	0.978297
-9.5955	-728.284	6025.29	0.978294
-34.8868	-727.222	6004.35	0.978291
-57.0689	-723.56	5991.44	0.97827
-75.6161	-727.064	5983.54	0.978252
-91.4376	-736.047	5980.4	0.978233
-106.065	-743.367	5982.86	0.978205
-122.388	-736.958	5990.72	0.978188
-139.583	-722.414	6001.1	0.978172
-157.132	-701.503	6012.78	0.97815
-171.413	-683.732	6022.37	0.978124
-181.375	-674.296	6032.62	0.978097
-187.08	-673.387	6042.02	0.978071
-189.321	-678.471	6045.23	0.978043
-190.691	-684.083	6043.94	0.978018
-191.37	-697.906	6038.29	0.977996
-196.091	-752.349	6023.64	0.977974
-200.627	-823.591	6010.84	0.977967
-206.224	-894.418	6006.41	0.977975
-209.323	-927.43	6016.11	0.977969
-215.839	-948.506	6015.41	0.977951
-227.099	-946.307	6007.02	0.977935
-240.802	-929.326	5987.15	0.977908
-260.179	-911.802	5979.99	0.977899
-279.264	-891.274	5993.3	0.977896
-291.734	-871.151	6024.62	0.977896
-294.881	-856.586	6071.05	0.9779
-288.007	-852.942	6127.75	0.977914
-270.638	-849.498	6185.23	0.977926
-249.487	-849.67	6240.13	0.977944
-227.854	-853.478	6286.44	0.977967
-209.062	-856.503	6321.5	0.977991
-196.546	-858.495	6345.38	0.978019
-192.064	-857.289	6360.15	0.978047
-193.969	-851.431	6366.46	0.978075
-199.61	-843.338	6364.82	0.978103
-208.012	-835.023	6358.91	0.978132
-217.859	-829.308	6351.95	0.978162
-229.231	-828.436	6348.94	0.978191
-233.555	-826.21	6342.52	0.97822
-225.811	-817.891	6329.16	0.978246
-208.565	-801.636	6306	0.978268
-188.342	-778.981	6273.38	0.978284
-171.268	-753.998	6232.15	0.978298
-163.025	-730.029	6186.62	0.978309
-165.577	-709.431	6141.21	0.978316
-178.336	-692.413	6097.66	0.978321
-195.628	-680.803	6061.54	0.978325
-212.646	-673.854	6034.5	0.978326
-226.777	-670.485	6018.9	0.978324
-236.236	-668.916	6015.29	0.978322
-240.164	-668.409	6022.22	0.978319
-237.468	-667.281	6035.23	0.978315
-230.132	-665.036	6051.86	0.97831
-220.745	-660.4	6069.98	0.978304
-210.104	-658.119	6088.24	0.978297
-222.979	-703.908	6128.3	0.978326
-242.523	-769.363	6179.8	0.978356
-257.989	-831.682	6238.23	0.978388
-261.294	-873.396	6296.6	0.978419
-250.178	-886.015	6348.12	0.978447
-227.392	-870.753	6386.51	0.978471
-200.992	-842.562	6408.95	0.978497
-177.79	-811.738	6414.03	0.978522
-167.236	-802.794	6375.57	0.978507
-170.088	-816.659	6303.65	0.978495
-184.91	-834.745	6221.2	0.978492
-208.698	-842.956	6141.1	0.978497
-232.717	-830.891	6067.33	0.978493
-254.972	-804.236	6003.28	0.978487
-273.913	-776.347	5953.38	0.978474
-286.982	-757.652	5917.45	0.978464
-294.288	-746.687	5901.07	0.978449
-296.7	-745.111	5902.28	0.978435
-295.007	-751.299	5917.67	0.978421
-289.818	-762.847	5942.6	0.978405
-280.93	-772.399	5971.49	0.97839
-271.035	-777.215	5998.16	0.978374
-261.009	-768.769	6020.41	0.978358
-250.888	-753.095	6033.27	0.97834
-243.725	-727.289	6038.98	0.97832
-239.437	-701.537	6038.95	0.9783
-239.39	-691.12	6025.63	0.978281
-242.547	-724.33	5997.43	0.978295
-247.708	-760.71	5965.35	0.978288
-254.869	-775.354	5938.05	0.978279
-262.46	-765.398	5917.32	0.978267
-268.148	-738.66	5897.19	0.978258
-272.544	-706.352	5878.88	0.97825
-275.867	-677.83	5858.85	0.978242
-279.042	-659.047	5839.43	0.978235
-282.226	-643.322	5823.65	0.978228
-286.393	-635.983	5809.45	0.978216
-289.191	-640.557	5794.97	0.978204
-291.072	-652.581	5782.69	0.978189
-293.487	-666.097	5772.32	0.978174
-299.12	-671.691	5766.99	0.978153
-306.559	-663.764	5768.61	0.978127
-312.508	-650.344	5769.78	0.978096
-319.228	-633.807	5768.21	0.978069
-324.251	-623.795	5762.52	0.978049
-328.067	-619.419	5752.36	0.978027
-333.932	-618.513	5737.98	0.978007
-342.407	-618.955	5717.96	0.977987
-355.295	-615.239	5695.28	0.977972
-370.766	-610.463	5668.3	0.977955
-389.426	-598.192	5641.6	0.977943
-410.084	-582.586	5616.21	0.977931
-429.465	-574.735	5592.76	0.977914
-447.874	-566.843	5574.44	0.977907
-464.759	-559.86	5560.63	0.977887
-476.643	-562.559	5547.6	0.977866
-484.241	-573.724	5536.55	0.977842
-492.963	-580.909	5535.82	0.977827
-500.407	-588.111	5539.83	0.977812
-505.622	-591.608	5545.72	0.977799
-506.006	-591.782	5550.12	0.977785
-503.069	-585.234	5553.98	0.977768
-498.545	-571.131	5553.48	0.977761
-494.293	-555.515	5548.64	0.977742
-489.258	-541.811	5536.48	0.977724
-489.097	-524.924	5522.21	0.977717
-493.124	-512.864	5506.73	0.977703
-498.472	-508.293	5489.9	0.977684
-502.106	-505.028	5472.12	0.977669
-505.266	-505.351	5453.15	0.977657
-502.231	-506.388	5430.53	0.977645
-502.449	-504.187	5413.42	0.977626
-504.447	-491.157	5401.99	0.977602
-505.238	-475.334	5391.4	0.977586
-503.488	-462.371	5382.43	0.977567
-498.66	-460.724	5367.25	0.97753
-489.412	-479.544	5336.89	0.977484
-481.582	-494.47	5302.31	0.97745
-475.89	-501.174	5268.32	0.977416
-472.945	-493.98	5240.08	0.977394
-471.509	-475.138	5226.14	0.97738
-475.678	-448.092	5215.52	0.977361
-480.572	-425.273	5203.11	0.977338
-486.456	-410.674	5188.77	0.977317
-490.976	-405.771	5172.98	0.977296
-493.07	-407.822	5157.08	0.977276
-495.36	-408.875	5143.48	0.977254
-497.272	-404.635	5133.32	0.977238
-498.33	-401.054	5121.86	0.977216
-499.238	-399.265	5110.93	0.977195
-500.668	-394.239	5099.64	0.977173
-503.746	-388.064	5087.44	0.977151
-509.147	-379.535	5075.15	0.977127
-514.681	-388.679	5049.97	0.977076
-519.836	-398.037	5020.69	0.977032
-526.02	-411.13	4986.67	0.976977
-535.576	-399.288	4959.04	0.976947
-547.919	-370.989	4938.58	0.976921
-562.346	-335.342	4922.87	0.976895
-575.474	-298.709	4910.2	0.976872
-584.839	-271.952	4900.94	0.97685
-591.244	-259.302	4891.32	0.976823
-592.871	-257.708	4877.86	0.976797
-593.689	-263.733	4863.96	0.976769
-595.104	-268.869	4854.13	0.976745
-600.447	-283.461	4849.25	0.976707
-606.319	-303.158	4845.08	0.976671
-611.934	-307.617	4843.44	0.976638
-615.7	-293.756	4837.69	0.976612
-615.798	-275.535	4824.97	0.976596
-614.363	-254.864	4805.45	0.976571
-612.478	-238.655	4781	0.976545
-609.764	-230.023	4758.89	0.976517
-606.695	-231.285	4742.06	0.976499
-605.408	-236.758	4729.55	0.976472
-604.238	-242.882	4719.41	0.976444
-603.133	-246.503	4711.65	0.976418
-600.396	-248.361	4702.94	0.976386
-593.712	-246.545	4691.88	0.976352
-583.876	-243.491	4678.57	0.976317
-574.38	-233.088	4664.23	0.976286
-565.517	-221.452	4644.83	0.976248
-557.395	-208.176	4622.11	0.976208
-550.28	-199.788	4593.84	0.976168
-544.18	-201.376	4559.09	0.97613
-540.317	-197.124	4526.67	0.976087
-538.859	-196.285	4496.07	0.97605
-541.216	-191.13	4469.43	0.976004
-545.282	-184.848	4446.97	0.975958
-550.333	-196.375	4418.17	0.97588
-551.352	-220.016	4392.47	0.975798
-552.466	-221.566	4377.83	0.975756
-554.007	-204.432	4373.3	0.975721
-555.221	-183.993	4370.99	0.975701
-555.349	-164.586	4369.14	0.975676
-552.131	-172.063	4356.41	0.975612
-551.495	-182.674	4339.27	0.975566
-554.627	-188.142	4324.04	0.975539
-559.404	-188.579	4311.62	0.975512
-565.726	-184.658	4302.08	0.975483
-572.693	-178.985	4294.55	0.975454
-578.59	-173.438	4290.08	0.97543
-584.703	-172.209	4285.78	0.975401
-597.213	-183.56	4290.46	0.975379
-604.765	-186.621	4293.87	0.975346
-607.102	-178.304	4291.1	0.975302
-605.508	-170.495	4279.19	0.975259
-602.064	-160.666	4261.88	0.975217
-602.841	-150.948	4241.74	0.975169
-606.677	-151.465	4216.95	0.975106
-610.926	-158.712	4190.58	0.975042
-620.053	-171.656	4171.63	0.974981
-631.075	-190.315	4159.5	0.974929
-644.306	-208.823	4165.14	0.974881
-651.798	-219.221	4177.61	0.974826
-649.649	-218.306	4195.85	0.974773
-645.831	-205.226	4207.77	0.97472
-640.279	-185.669	4209.99	0.974662
-634.606	-166.217	4205.35	0.974607
-633.368	-153.327	4198.87	0.974558
-635.107	-144.18	4197.62	0.974514
-636.63	-139.847	4200.97	0.974471
-634.492	-137.752	4206.44	0.974432
-625.16	-131.111	4205.56	0.97439
-612.018	-121.303	4196.25	0.974342
-600.646	-112.456	4183.46	0.974304
-601.466	-114.031	4178.76	0.974263
-628.325	-112.442	4141.96	0.974217
-668.285	-111.584	4081.23	0.974163
-694.368	-130.007	4045.19	0.974101
-702.898	-160.176	4042.87	0.974046
-696.865	-187.753	4071.16	0.973996
-681.231	-204.391	4117.84	0.973947
-661.837	-208.106	4170.64	0.973896
-644.858	-182.239	4221.22	0.973805
-631.464	-154.513	4259.1	0.973731
-621.556	-138.93	4279.84	0.973688
-612.53	-133.354	4281.77	0.97364
-612.271	-132.875	4274.55	0.973579
-615.661	-140.227	4256.66	0.973536
-619.331	-164.322	4231.98	0.973524
-621.539	-194.039	4208.35	0.973518
-621.896	-218.374	4192.12	0.97352
-616.709	-229.392	4177.5	0.973526
-612.692	-228.747	4166.66	0.973531
-615.954	-225.341	4166.29	0.973544
-623.183	-221.551	4174.04	0.973561
-630.994	-217.99	4184.74	0.973574
-635.204	-245.047	4177.5	0.973526
-636.948	-265.769	4167.97	0.973441
-637.578	-271.404	4160.52	0.973347
-632.618	-254.978	4152.18	0.973268
-633.217	-216.849	4152.57	0.973186
-637.398	-179.244	4156.41	0.973131
-642.927	-150.371	4161.94	0.973082
-647.239	-123.298	4175.25	0.973034
-645.237	-110.623	4191.39	0.972977
-637.447	-109.734	4214.63	0.972928
-629.464	-116.506	4231.34	0.972873
-622.175	-127.843	4239.31	0.972828
-616.982	-137.032	4239.75	0.972784
-609.72	-137.946	4230.32	0.972737
-603.87	-138.724	4216.34	0.972698
-601.911	-133.169	4205.66	0.972656
-601.368	-123.434	4198.28	0.972617
-600.253	-119.031	4192.94	0.97258
-597.481	-117.976	4187.3	0.972545
-593.026	-119.867	4182.7	0.97251
-586.721	-122.294	4182.43	0.972471
-579.605	-122.737	4186.38	0.972439
-571.448	-117.488	4192.48	0.972418
-562.233	-109.507	4200.71	0.972398
-552.261	-109.884	4200.17	0.972402
-541.745	-122.481	4187.01	0.972369
-532.072	-139.98	4165.65	0.97234
-523.041	-151.889	4148.64	0.972326
-514.956	-149.61	4139.71	0.972319
-507.708	-142.385	4135.35	0.972298
-497.337	-138.754	4130.14	0.972294
-488.528	-128.736	4132.51	0.972267
-480.19	-118.106	4143.51	0.972242
-470.041	-111.956	4158.18	0.972217
-458.102	-109.824	4174.85	0.972194
-441.513	-114.944	4192.37	0.972178
-422.42	-126.626	4208.18	0.972173
-403.803	-133.181	4220.22	0.972173
-388.221	-132.24	4223.67	0.972173
-375.218	-125.935	4225.24	0.972173
-363.407	-115.474	4223.75	0.972174
-353.261	-100.131	4221.56	0.972177
-344.7	-91.3567	4209.24	0.972167
-335.238	-88.154	4188.52	0.972158
-328.367	-90.7366	4165.41	0.97215
-326.219	-105.517	4144.66	0.972155
-326.295	-119.452	4129.41	0.972152
-326.303	-129.752	4120.25	0.972146
-324.372	-133.597	4116.73	0.972136
-317.924	-133.794	4114.19	0.97213
-307.444	-129.05	4113.84	0.972123
-295.124	-120.337	4113.86	0.972112
-280.768	-112.141	4111.83	0.972096
-266.178	-107.952	4108.12	0.972089
-250.671	-101.294	4104.6	0.972069
-235.829	-99.8531	4100.14	0.972062
-221.416	-91.5486	4098.27	0.972033
-206.123	-83.0473	4094.21	0.972013
-196.92	-80.993	4092.93	0.971996
-188.875	-82.0669	4097.37	0.971974
-180.194	-80.186	4103.64	0.971949
-168.085	-69.2808	4109.04	0.971918
-153.871	-51.0572	4113.43	0.971885
-139.566	-32.8916	4113.4	0.971852
-125.257	-19.0302	4107.97	0.971822
-112.606	-12.7802	4099.08	0.971791
-100.68	-14.2415	4089.66	0.971763
-89.5589	-19.6715	4080.93	0.971734
-79.8617	-23.7618	4072.33	0.971708
-69.4943	-25.1142	4062.67	0.971682
-59.6301	-24.8578	4054.22	0.971657
-51.5826	-23.6939	4046.78	0.971631
-45.1585	-29.627	4041.31	0.971617
-39.5366	-39.1947	4037.22	0.971606
-33.7067	-52.5505	4036.19	0.971595
-22.8554	-65.5075	4036.63	0.971591
-7.8333	-72.8799	4041.06	0.971594
10.4104	-78.1387	4048.44	0.971598
31.1734	-79.1332	4057.23	0.9716
52.7205	-79.7572	4066.15	0.9716
74.2247	-77.7217	4074.18	0.971603
95.2809	-74.1155	4079.94	0.971603
113.958	-70.2377	4088.28	0.971603
129.286	-63.5887	4098.1	0.971595
141.858	-60.7871	4107.3	0.971584
149.293	-57.4495	4115.3	0.971563
154.692	-54.7483	4122.47	0.971541
162.112	-52.5083	4124.13	0.971517
173.328	-51.552	4122.99	0.971494
189.057	-59.1761	4115.75	0.971487
204.627	-60.5545	4105.51	0.971458
215.532	-69.9285	4092.37	0.971452
221.738	-87.1312	4082.67	0.97145
224.294	-103.356	4077.57	0.97145
227.169	-111.323	4081.03	0.971436
232.712	-110.75	4088.97	0.971421
243.723	-104.083	4100.7	0.971412
258.812	-89.0476	4112.68	0.971392
277.788	-73.9183	4122.93	0.97137
304.229	-66.8561	4137.71	0.971347
333.556	-64.7275	4155.78	0.971329
363.606	-64.7972	4173.46	0.971316
393.609	-65.8976	4189.46	0.971311
422.855	-66.9835	4203.08	0.971309
448.167	-63.9304	4209.52	0.971304
466.796	-55.7993	4204.05	0.9713
479.791	-47.6708	4189.69	0.971295
487.431	-43.1293	4169.04	0.971288
490.43	-46.0308	4148.88	0.971281
488.364	-50.2063	4133.23	0.971281
487.824	-65.9624	4125.08	0.971265
492.351	-86.2206	4129.23	0.971249
502.37	-103.503	4141.13	0.971231
516.814	-105.074	4163.61	0.971231
536.132	-102.85	4181.19	0.971211
559.942	-97.3193	4193.4	0.971193
585.046	-91.4976	4198.53	0.971178
605.397	-85.2058	4197.41	0.971158
619.498	-80.4562	4191.51	0.971142
626.185	-83.8035	4181.26	0.971137
626.53	-93.6706	4175.24	0.971132
623.992	-98.4089	4174.91	0.971146
622.691	-108.594	4179.56	0.971143
629.45	-120.233	4187.75	0.971145
642.629	-129.144	4201.42	0.971145
662.08	-133.799	4216.85	0.971147
684.745	-132.961	4232.84	0.971151
708.428	-128.934	4249.49	0.971158
730.832	-126.343	4263.98	0.971164
752.15	-131.885	4271.5	0.971159
771.553	-141.831	4282.03	0.971158
787.255	-154.259	4296.32	0.971156
800.787	-164.545	4313.48	0.971155
813.499	-169.368	4330.26	0.971154
825.733	-174.331	4347.12	0.971175
838.974	-170.939	4361.8	0.971189
850.969	-162.412	4375.03	0.971198
862.098	-145.585	4382.81	0.971217
873.22	-139.562	4385.02	0.971221
880.035	-133.313	4387.93	0.971247
886.582	-140.497	4386.54	0.971254
889.874	-151.974	4389.74	0.97127
893.459	-173.898	4391.15	0.971325
899.707	-194.991	4393.12	0.971378
908.936	-210.427	4397.57	0.971426
920.401	-215.917	4400.09	0.971471
931.117	-207.533	4406.02	0.971527
940.692	-190.286	4413.42	0.97159
950.28	-167.812	4419.39	0.971653
960.304	-137.701	4429.68	0.971698
970.163	-115.449	4443.01	0.971754
983.147	-105.15	4461.95	0.971813
1004.49	-101.582	4481.68	0.971872
1032.14	-105.814	4501.81	0.971934
1063.34	-112.083	4519.68	0.971994
1094.47	-121.64	4535.62	0.97206
1124.1	-125.313	4547.34	0.972123
1150.64	-133.151	4552.91	0.972199
1172.32	-144.797	4552.12	0.972278
1191.8	-154.668	4551.2	0.972354
1207.59	-174.385	4548.49	0.972417
1221.54	-193.886	4546.24	0.972475
1236.73	-208.552	4553.17	0.972538
1250.91	-211.367	4560.2	0.972601
1266.96	-199.499	4569.95	0.97267
1285.31	-189.654	4576.46	0.972738
1301.84	-175.287	4574.2	0.972813
1319.01	-166.742	4573.18	0.972882
1330.39	-161.908	4564.15	0.972953
1335.26	-159.759	4548.95	0.973022
1334.31	-168.352	4532.66	0.973093
1329.75	-179.923	4522.92	0.973166
1321.98	-197.769	4520.04	0.973247
1315.2	-213.683	4525.45	0.973317
1315.85	-223.745	4542.16	0.973392
1328.33	-226.872	4563.51	0.973465
1349.36	-226.79	4586.9	0.973534
1376.11	-224.882	4610.97	0.973603
1404.68	-229.227	4635.59	0.973659
1434.16	-231.986	4656.66	0.973719
1461.45	-234.122	4670.18	0.973771
1482.3	-238.113	4675.59	0.973814
1493.11	-237.439	4673.2	0.973861
1498.58	-253.551	4674.44	0.973883
1498.63	-265.939	4681.8	0.973924
1497.8	-270.331	4696.21	0.973969
1501.17	-284.698	4714.27	0.973988
1513.43	-301.284	4733.45	0.974003
1529.97	-304.205	4747.45	0.974029
1544.55	-288.546	4752.42	0.974065
1550.67	-261.789	4742.96	0.974102
1544.32	-233.212	4723.3	0.974147
1525.2	-212.834	4692.48	0.97419
1497.72	-200.492	4657.21	0.974237
1465.02	-196.867	4622.98	0.974286
1431.03	-197.573	4596.43	0.97434
1400.05	-199.549	4579.13	0.974396
1376	-200.057	4570.59	0.974453
1396.33	-221.199	4625.16	0.974485
1455.33	-249.43	4738.02	0.974528
1537.21	-276.981	4863.9	0.974565
1635.68	-302.652	4974.16	0.974615
1736.6	-318.187	5060.67	0.974667
1823.33	-320.687	5114.59	0.974719
1878.36	-311.072	5142.23	0.974764
1909.73	-293.298	5153.16	0.974804
1914.95	-270.078	5140.48	0.974841
1896.32	-245.994	5103.27	0.974876
1856.61	-225.41	5046.69	0.974909
1799.48	-212.395	4976.1	0.974943
1730.75	-210.306	4898.56	0.974976
1668.62	-226.029	4842.82	0.975012
1615.83	-244.622	4806.2	0.975051
1581.71	-277.791	4786.28	0.975096
1566.77	-308.071	4779.88	0.975142
1559.75	-309.453	4768.04	0.975191
1551.95	-291.432	4743.29	0.975242
1538.82	-263.139	4705.87	0.975295
1516.46	-235.92	4661.9	0.975348
1484.73	-218.795	4618.84	0.975405
1446.49	-218.474	4578.49	0.975461
1408.51	-229.911	4556.45	0.975527
1375.13	-250.361	4555.98	0.975581
1358.35	-267.33	4579.06	0.975641
1363.81	-275.418	4620.54	0.975705
1391.33	-278.165	4662.26	0.975763
1438.18	-276.06	4691.86	0.975858
1485.78	-270.525	4700.77	0.975962
1528.3	-274.316	4693.36	0.976037
1542.34	-280.507	4664.15	0.976116
1520.83	-277.474	4626.74	0.9762
1475.77	-265.325	4590.27	0.976278
1423.69	-250.307	4562.94	0.976353
1376.03	-241.639	4553.63	0.976432
1357.46	-273.812	4569.84	0.976456
1361.84	-298.381	4601.93	0.976511
1388.85	-335.462	4641.9	0.976528
1433.8	-367.656	4683.26	0.976547
1484.99	-383.656	4715	0.976564
1527.98	-382.965	4734.2	0.976582
1551.12	-367.726	4742.7	0.976598
1554.86	-322.889	4744.45	0.976644
1535.6	-266.651	4741.6	0.976697
1496.61	-224.131	4732.81	0.97675
1454.63	-202.022	4719.35	0.976808
1417.7	-206.94	4700.85	0.976859
1392.93	-237.894	4680.18	0.976904
1377.49	-271.205	4661.07	0.976953
1369.1	-293.64	4649.48	0.977004
1361.17	-298.014	4651.39	0.977057
1355.72	-297.171	4663.95	0.977105
1348.55	-291.253	4679.11	0.977154
1343.97	-282.736	4692.77	0.977202
1343.38	-280.371	4702.71	0.977257
1344.53	-280.422	4709.49	0.977306
1346.43	-282.446	4721.46	0.977364
1353.45	-294.754	4729.31	0.977431
1354.56	-306.939	4741.63	0.977482
1350.56	-313.999	4757.46	0.977534
1344.67	-310.054	4779.72	0.977594
1348.44	-306.341	4794.97	0.977636
1359.69	-306.956	4798.81	0.977676
1376	-324.29	4791.45	0.977761
1384.41	-349.247	4781.62	0.977844
1377.73	-364.708	4776.9	0.977909
1364.14	-367.003	4782.81	0.977977
1351.18	-391.444	4780.2	0.978
1344.1	-410.317	4785.64	0.978039
1343.62	-418.813	4797.01	0.978081
1351.49	-417.378	4813.01	0.978124
1363.04	-408.432	4830.74	0.978159
1376.42	-397.898	4853.98	0.978204
1390.54	-381.349	4877.35	0.978239
1404.33	-360.96	4903.7	0.978283
1417.74	-341.238	4930.9	0.978329
1425.67	-349.157	4955.88	0.978359
1437.95	-367.801	4979.37	0.978395
1457.77	-387.478	4999.1	0.978436
1482.13	-396.564	5018.17	0.97848
1499.24	-400.636	5026.2	0.978523
1506.65	-396.27	5028.24	0.97857
1503.66	-390.649	5031.69	0.978616
1496.68	-392.136	5039.36	0.978659
1492.95	-396.867	5050.08	0.978702
1495.08	-402.721	5060.81	0.978746
1504.88	-422.055	5070.2	0.978774
1516.23	-444.953	5076.6	0.978803
1520.96	-455.015	5081.54	0.978841
1520.26	-450.94	5089.42	0.978885
1519.15	-437.184	5098.31	0.978931
1519.17	-425.42	5106.92	0.978973
1521.97	-421.726	5114.06	0.979015
1523	-422.727	5124.62	0.979062
1527.88	-430.004	5142.8	0.979106
1533.14	-437.455	5166.86	0.979155
1540.22	-458.446	5185.22	0.979185
1545.4	-482.663	5201.99	0.979223
1550.66	-490.663	5225.72	0.979263
1552.67	-484.413	5242.55	0.979306
1553.9	-472.349	5253.83	0.979349
1551.67	-465.046	5253.9	0.979388
1545.89	-456.972	5249.28	0.979435
1536.6	-457.954	5237.3	0.979475
1522.21	-468.118	5223.09	0.979518
1513.77	-484.831	5233.21	0.979572
1506.37	-504.591	5245.33	0.97961
1509.83	-529.232	5273.4	0.979648
1521.4	-537.379	5304.55	0.979687
1538.52	-533.207	5331.41	0.979725
1557.51	-522.792	5343.26	0.979761
1571.97	-512.834	5341.5	0.979798
1576.4	-506.056	5332	0.979837
1568.77	-507.781	5317.81	0.979877
1551.02	-514.635	5306.32	0.979917
1532.67	-531.599	5301.68	0.979953
1518.93	-546.06	5304.56	0.979993
1515.29	-551.379	5319.22	0.980035
1523.63	-552.017	5340.49	0.980074
1539.87	-545.404	5367.52	0.980119
1562.22	-541.066	5394.88	0.980158
1585.45	-546.211	5419.94	0.980199
1607.26	-555.962	5440.92	0.980239
1625.56	-569.002	5461.08	0.980279
1639.12	-577.875	5476.62	0.980318
1650.17	-577.483	5489.96	0.980362
1658.67	-576.882	5505.21	0.980407
1666.97	-575.254	5522.06	0.980445
1675.89	-579.027	5542.72	0.980487
1683.22	-584.331	5558.86	0.980528
1689.09	-591.6	5570.74	0.980566
1696.11	-596.985	5578.64	0.980604
1703.28	-606.41	5581.98	0.980641
1710.51	-613.162	5582.99	0.980676
1722.11	-614.678	5590.22	0.980713
1735.12	-611.527	5609.55	0.980754
1744.07	-610.129	5636.63	0.980795
1753.68	-613.185	5666.53	0.980836
1758.98	-619.708	5685.92	0.980872
1771.76	-629.275	5704.9	0.980909
1789.76	-638.284	5719.91	0.980948
1808.3	-644.985	5735.9	0.980986
1815.79	-615.061	5770.78	0.981053
1822.13	-600.798	5792.38	0.981117
1832.71	-612.15	5799.18	0.981171
1842.6	-642.578	5795.02	0.981222
1848.45	-685.24	5793.23	0.981269
1844.63	-729.014	5792.84	0.981307
1840.42	-769.597	5800.1	0.981336
1823.2	-767.881	5836.73	0.981393
1809.93	-743.738	5877.41	0.981437
1817.7	-711.804	5918.59	0.981479
1843.76	-686.627	5944.92	0.981522
1875.99	-672.959	5953.68	0.981565
1896	-665.617	5951.54	0.981605
1897.47	-671.654	5939.21	0.981638
1882.26	-680.285	5929.47	0.981682
1846.08	-677.748	5933.43	0.981731
1813.04	-677.68	5958.61	0.981776
1797.28	-671.566	6001.17	0.981824
1805.5	-659.595	6056.89	0.981878
1840.85	-658.909	6110.07	0.981922
1896.29	-668.193	6162.41	0.981966
1954.86	-685.539	6210.88	0.982012
2008.14	-714.993	6248.03	0.982047
2062.01	-820.07	6262.4	0.982083
2108.71	-926.531	6255.27	0.982114
2135.95	-968.276	6223.4	0.98213
2137.03	-972.725	6174.3	0.982161
2111.26	-933.326	6125.12	0.982178
2063.92	-880.029	6086.33	0.982194
2008.3	-864.491	6069.03	0.982227
1967.71	-854.804	6073.43	0.982244
1957.8	-854.385	6101.86	0.982261
1979.2	-891.512	6149.25	0.982297
2029.37	-939.064	6194.83	0.982332
2094.41	-974.225	6223.56	0.982369
2150.45	-995.335	6231.74	0.9824
2182.19	-994.337	6217.54	0.982432
2184.21	-980.493	6188.44	0.982462
2156.29	-948.648	6157.9	0.982484
2110.48	-907.755	6135.03	0.9825
2063.45	-872.678	6123.95	0.982514
2030.85	-848.432	6126.17	0.982526
2012.72	-825.087	6132.48	0.982547
2007.15	-805.116	6137.43	0.982574
2010.89	-796.534	6137.68	0.982599
2018.84	-793.973	6136.43	0.982625
2026.11	-795.405	6136	0.982653
2029.87	-797.939	6138.07	0.982682
2030.1	-798.952	6143.06	0.982712
2028.65	-796.953	6150.11	0.982741
2027.79	-791.885	6157.56	0.982768
2028.76	-783.399	6164.85	0.982796
2029.92	-773.302	6167.75	0.982822
2031.53	-765.326	6164.29	0.982848
2031.97	-756.156	6160.47	0.982877
2030.56	-748.21	6155.65	0.982904
2027.67	-746.446	6146.17	0.982929
2023.11	-748.5	6137.01	0.982953
2017.32	-752.802	6130.9	0.982975
2011.68	-758.57	6128.41	0.982995
2007.66	-763.392	6131.14	0.983018
2006.76	-766.965	6137.4	0.983039
2009.62	-769.478	6145	0.98306
2015.18	-767.674	6155.13	0.98308
2031.92	-770.151	6148.08	0.983117
2048.47	-779.809	6123.79	0.983153
2052.66	-798.92	6089.82	0.983186
2035.6	-808.621	6059.57	0.983216
2003.84	-812.188	6033.6	0.98325
1964.53	-801.284	6020.94	0.983292
1930.33	-799.501	6020.92	0.983322
1909.94	-790.327	6033.93	0.983386
1906.64	-774.713	6062.63	0.983436
1919.4	-767.659	6100.49	0.983481
1943.78	-773.286	6138.33	0.983526
1976.07	-824.267	6174.91	0.983547
2011.52	-886.27	6197.2	0.983557
2040.09	-923.123	6198.65	0.98357
2050.69	-927.58	6174.74	0.983583
2031.48	-926.285	6133.3	0.983603
1985.37	-898.574	6085.44	0.983615
1918.82	-862.664	6046.5	0.983625
1849.88	-808.272	6022.99	0.983663
1791.17	-766.747	6028.89	0.983701
1755.14	-756.876	6062.66	0.983732
1752.93	-763.896	6110.03	0.983761
1778.59	-782.842	6160.28	0.983785
1819.18	-785.836	6206.03	0.98382
1859.93	-776.924	6246.9	0.98387
1889.94	-785.867	6281.55	0.983905
1908.27	-811.456	6302.48	0.983958
1913.85	-805.111	6314.45	0.984029
1911.34	-827.174	6311.03	0.984066
1902.83	-844.031	6299.97	0.984099
1889.42	-858.156	6282.54	0.984121
1878.52	-855.87	6269.23	0.98417
1866.5	-844.365	6256.03	0.984218
1852.34	-830.235	6244.09	0.984268
1839.11	-825.673	6231.95	0.984316
1829.25	-826.446	6222.1	0.984366
1820.64	-831.194	6222.88	0.984418
1815.43	-833.566	6234.56	0.984471
1812.44	-836.052	6251.57	0.984523
1804.81	-828.704	6269.6	0.98458
1806.5	-810.729	6300.1	0.984645
1816.22	-797.472	6328.68	0.984708
1842.31	-844.503	6314.4	0.984735
1865.15	-915.799	6295.16	0.98476
1874.4	-987.555	6294.54	0.98478
1870.51	-1037.77	6324.5	0.984803
1865.35	-1059.67	6380.95	0.984825
1872.05	-1063.05	6438.86	0.984839
1892.98	-1029.97	6512.81	0.984873
1928.05	-984.455	6573.65	0.984906
1971.58	-964.423	6597.56	0.984933
2009.55	-978.6	6578.64	0.98495
2025.05	-1011.25	6536.32	0.98497
2012.15	-1039.13	6490.27	0.984987
1975.83	-1065.68	6447.79	0.984998
1920.13	-1034.95	6433.76	0.985035
1870.51	-960.744	6460.13	0.985085
1845.12	-870.45	6517.53	0.985151
1852.36	-818.092	6587.17	0.985212
1896.18	-829.093	6655.23	0.985261
1960.84	-867.32	6715.92	0.985314
2027.07	-885.353	6763.63	0.985377
2076.15	-880.805	6783.84	0.985438
2096.24	-871.909	6773.49	0.985504
2084.63	-864.351	6742.18	0.985571
2047.01	-856.487	6704.01	0.985637
1995.4	-852.531	6673.33	0.985705
1945.07	-850.162	6661.1	0.985774
1909.49	-844.842	6672.33	0.985842
1896.32	-834.884	6705.99	0.98591
1906.22	-835.122	6757.11	0.985982
1938.42	-832.753	6814.18	0.986051
1979.42	-838.607	6872.29	0.986126
2025.79	-881.178	6929.08	0.986183
2070.04	-930.289	6972.2	0.986232
2104.97	-953.654	6999.03	0.986284
2123.59	-952.477	7013.27	0.986336
2124.8	-947.065	7019.81	0.986383
2115.06	-923.437	7021.54	0.986436
2099.09	-891.767	7023.57	0.986492
2083.34	-871.325	7021.76	0.986544
2075.4	-864.6	7018.33	0.986594
2074.06	-884.241	7007.29	0.986635
2078.24	-912.807	6995.1	0.986678
2082.26	-935.366	6986.59	0.986721
2086.14	-1007.52	6965.26	0.98673
2084.2	-1083.47	6942.18	0.986739
2077.29	-1134.64	6917.32	0.98675
2060.71	-1156.81	6899.76	0.98676
2042.16	-1152.17	6878.16	0.98677
2023.79	-1134.84	6847.45	0.98678
2004.22	-1114.61	6817.84	0.986792
1987.47	-1098.55	6785.92	0.986805
1972.17	-1083.32	6753.34	0.986814
1956.17	-1074.54	6726.61	0.986824
1940.62	-1071.45	6708.61	0.986835
1921.01	-1068.01	6694.38	0.986854
1904.56	-1065.39	6697	0.986867
1889.4	-1053.24	6716.54	0.986883
1879.38	-1036.22	6743.45	0.986901
1880.43	-1018.54	6770.13	0.986921
1892.31	-1003.82	6792.19	0.986943
1912.03	-994.98	6810.69	0.986967
1932.32	-992.101	6824.37	0.986992
1947.46	-989.018	6836	0.987019
1955.71	-985.174	6844.63	0.987046
1958.16	-980.324	6850.14	0.987074
1958.83	-977.91	6854.99	0.987105
1958.98	-976.001	6860	0.987137
1969.16	-985.867	6856.03	0.98718
1983.96	-988.755	6851.45	0.987222
1996.62	-979.232	6844.04	0.987266
2001.65	-959.538	6837.09	0.987312
1999.89	-955.641	6828.16	0.98737
1990.57	-949.828	6829.69	0.987428
1980.89	-939.113	6846.49	0.987488
1985.51	-929.697	6869.2	0.987552
2002.6	-920.755	6897.06	0.987619
2027.33	-909.403	6927.99	0.987688
2053.47	-898.497	6955.72	0.987759
2074.4	-888.01	6982.06	0.987829
2087.84	-882.184	7009.78	0.987899
2102.59	-881.603	7032.53	0.987969
2116.45	-881.799	7045.01	0.988038
2123.4	-881.777	7046.08	0.988106
2120.89	-880.945	7040.42	0.988175
2114.48	-876.339	7028.96	0.988243
2102.64	-868.834	7017.42	0.988309
2082.76	-858.765	7010.4	0.988376
2063.59	-847.169	7009.95	0.988443
2049.44	-840.652	7018.3	0.98851
2044.08	-838.34	7029.99	0.988577
2046.4	-840.67	7045.38	0.988645
2053.61	-846.266	7064.41	0.988713
2065	-852.452	7084.01	0.988778
2076.61	-862.146	7103.95	0.988843
2086.03	-873.294	7124.66	0.988907
2094.82	-883.135	7143.4	0.98897
2103.53	-888.244	7158.78	0.989032
2113.85	-889.575	7166.14	0.989093
2120.35	-884.814	7171.38	0.989155
2123.39	-884.461	7171.31	0.989219
2127.43	-977.688	7136.7	0.989234
2127.78	-1074.31	7105.99	0.989252
2117.94	-1128.15	7100.93	0.989275
2102.71	-1127.75	7114.54	0.989301
2088.69	-1087.3	7133.86	0.98933
2081.9	-1063.15	7130.35	0.989346
2081.77	-1041.91	7124.03	0.989367
2083.49	-1018.06	7122.23	0.989391
2084.6	-999.114	7122.56	0.989421
2080.22	-983.915	7127.28	0.989454
2070.55	-973.355	7134.76	0.989489
2062.11	-963.239	7144.94	0.989524
2058.9	-951.306	7157.37	0.989561
2061.4	-933.646	7173.5	0.989596
2068.53	-914.173	7190.07	0.989632
2078.09	-895.914	7204.96	0.98967
2085.93	-882.632	7212.43	0.989708
2088.85	-873.234	7217.76	0.989747
2086.46	-869.233	7223.53	0.989788
2082.84	-869.751	7229.51	0.989828
2078.61	-870.094	7240.41	0.989868
2077.65	-870.22	7254.37	0.989908
2079.5	-871.612	7271.67	0.989948
2083.66	-876.649	7291.54	0.989987
2091.66	-881.943	7312.42	0.990026
2103.05	-883.342	7332.9	0.990064
2116.26	-882.041	7349.98	0.990101
2128.97	-879.68	7361.43	0.990139
2138.99	-879.589	7365.57	0.990175
2144.43	-880.38	7363.13	0.990212
2144.34	-878.643	7356.26	0.990249
2139.31	-875.789	7346.73	0.990287
2131.02	-873.21	7336.65	0.990324
2119.05	-872.484	7330.2	0.990364
2108.06	-873.402	7328.9	0.990404
2101.67	-875.342	7332.97	0.990443
2101.53	-877.617	7341.27	0.990483
2107.02	-877.461	7352.08	0.990521
2116.14	-878.749	7362.63	0.990561
2126.39	-882.784	7370.77	0.990601
2135.38	-888.85	7375.2	0.990643
2142.6	-893.798	7379.25	0.990684
2146.89	-896.106	7382.41	0.990726
2148.29	-895.95	7384.62	0.990767
2145.22	-895.077	7388.64	0.990809
2141.48	-896.563	7393.83	0.990851
2139.95	-898.893	7399.67	0.990893
2141.74	-903.068	7405.01	0.990937
2143.69	-907.418	7412.21	0.99098
2148.22	-910.909	7423.26	0.991023
2154.71	-913.187	7436.16	0.991068
2159.95	-913.127	7452.63	0.991115
2165.48	-912.406	7469.89	0.991161
2172.31	-911.976	7485.67	0.991209
2182.73	-915.312	7494.02	0.99126
2192.83	-917.141	7497.18	0.991313
2199.42	-917.244	7496.41	0.991366
2203.49	-918.892	7494.75	0.991419
2201.78	-917.805	7497.94	0.991473
2195.14	-910.669	7509.55	0.991524
2188.01	-904.236	7527.1	0.991575
2186.14	-898.663	7546.46	0.991624
2191.63	-895.879	7564	0.991673
2202.51	-894.06	7579.39	0.991724
2215.3	-893.973	7591.79	0.991772
2226.48	-893.236	7602.28	0.991821
2234.1	-890.52	7611.24	0.991871
2238.06	-885.588	7618.44	0.991922
2237.91	-884.549	7624.17	0.991974
2236.2	-883.83	7629.31	0.992027
2233.77	-890.832	7632.73	0.99208
2232.42	-897.442	7637.56	0.992131
2234.83	-897.66	7642.11	0.992181
2236.95	-888.922	7644.55	0.992231
2238.5	-878.194	7642.61	0.99228
2238.99	-872.424	7634.76	0.992331
2237.36	-871.764	7623.16	0.992382
2233.17	-876.348	7609.61	0.992432
2226.56	-882.099	7597.39	0.992482
2218.46	-884.145	7589.51	0.992531
2210.91	-883.288	7585.91	0.99258
2205.74	-881.248	7585.91	0.992629
2203.89	-879.569	7588.58	0.992678
2204.99	-876.885	7593.76	0.992728
2208.2	-872.811	7600.66	0.992779
2212.69	-869.817	7607.53	0.99283
2217.73	-870.961	7612.61	0.99288
2222.28	-873.976	7615.94	0.99293
2225.51	-876.725	7617.69	0.99298
2227.07	-878.051	7618.07	0.993032
2227.06	-877.912	7617.39	0.993084
2225.88	-876.917	7616	0.993136
2224.07	-875.799	7614.33	0.993187
2221.99	-872.825	7613.24	0.993238
2220.32	-872.374	7612.28	0.993288
2219.36	-873.565	7611.72	0.993338
2219.13	-875.216	7611.67	0.993388
2219.59	-878.723	7611.64	0.993439
2220.55	-884.041	7611.27	0.993491
2221.39	-885.831	7611.18	0.993542
2221.73	-884.882	7611.26	0.993593
2221.36	-880.564	7611.84	0.993643
2220.57	-876.239	7612.72	0.993693
2219.86	-873.803	7613.73	0.993743
2219.64	-873.519	7614.81	0.993793
2220.04	-874.622	7615.89	0.993842
2220.9	-876.092	7616.94	0.993892
2221.75	-874.983	7618.44	0.993941
2222.78	-877.377	7618.95	0.99399
2223.71	-880.719	7618.88	0.994039
2224.23	-883.173	7618.61	0.994088
2224.22	-884.075	7618.37	0.994137
2223.81	-883.699	7618.2	0.994186
2223.04	-880.572	7618.75	0.994234
2222.34	-877.195	7619.4	0.994282
2222.23	-877.223	7619.04	0.994331
2222.28	-877.029	7619.02	0.994379
2222.56	-878.962	7618.46	0.994428
2222.77	-881.331	7617.97	0.994477
2222.55	-880.904	7618.82	0.994524
2222.23	-879.1	7620.29	0.994572
2222.18	-877.256	7621.72	0.99462
2222.55	-876.148	7622.77	0.994668
2223.21	-875.934	7623.41	0.994716
2223.9	-876.355	7623.79	0.994764
2224.39	-877.006	7624.14	0.994812
2224.61	-877.548	7624.56	0.99486
2224.64	-877.819	7625.09	0.994908
2224.6	-877.827	7625.65	0.994956
2224.61	-877.682	7626.17	0.995004
