1746.81	-828.647	6729.44	0.998527
1749.57	-835.003	6728.43	0.999682
1756.54	-851.044	6725.92	0.999333
1770.54	-882.664	6721.2	0.998061
1794.43	-933.778	6714.62	0.99579
1828.82	-1003.84	6707.82	0.992675
1869.01	-1083.53	6704.15	0.989325
1907.1	-1154.55	6709.58	0.986291
1933.31	-1207.58	6726.41	0.984163
1944.71	-1233.97	6756.94	0.983043
1944.55	-1232.77	6800.52	0.982601
1939.34	-1211.08	6851.72	0.982573
1938.2	-1179.27	6904.5	0.982496
1947.34	-1147.17	6952.71	0.982305
1968.24	-1123.06	6991.14	0.982078
1997.62	-1111.02	7016.97	0.981931
2029.26	-1112.26	7029.36	0.98193
2057.65	-1123.55	7027.36	0.982024
2077.1	-1140.02	7016.47	0.982217
2083.05	-1153.61	7000.91	0.982471
2077.64	-1166.33	6978.84	0.98261
2064.79	-1173.31	6954.3	0.982681
2048.91	-1172.55	6930.75	0.982716
2032.9	-1162.75	6908.71	0.982715
2020.36	-1148.6	6889.84	0.982734
2012.95	-1131.29	6876.53	0.982801
2012.53	-1109.49	6868.53	0.982854
2018.62	-1091.46	6864.68	0.982935
2032.17	-1081.08	6864.57	0.983037
2050.11	-1080.48	6867.13	0.98314
2070.63	-1084.28	6870.46	0.98319
2092.13	-1089.7	6872.06	0.983185
2113.81	-1093.77	6872.93	0.983184
2131.51	-1095.06	6870.74	0.983147
2143.8	-1093.91	6866.26	0.983121
2149.04	-1076.92	6865.28	0.983122
2149.09	-1054.26	6863.23	0.983118
2146.71	-1035.98	6856.29	0.983118
2143.73	-1025.88	6843.04	0.983121
2141.81	-1025.42	6825.75	0.983148
2137.85	-1024.89	6809.63	0.983191
2133.31	-1030.76	6791.57	0.983229
2125.87	-1038.91	6771.84	0.983257
2117	-1046.86	6750.65	0.98328
2107.8	-1051.61	6728.65	0.983306
2101.42	-1064.43	6704.57	0.983332
2095.76	-1061.89	6688.26	0.983375
2090.65	-1067.04	6670.67	0.983393
2084.98	-1070.05	6659.06	0.98342
2079.45	-1069.25	6656.73	0.983445
2075.58	-1070.83	6660.53	0.98346
2075.52	-1069.71	6668.24	0.983472
2078.94	-1063.57	6679.41	0.983485
2086.44	-1058.7	6685.91	0.983494
2101.24	-1050.56	6680.24	0.983519
2116.61	-1041.83	6664.5	0.983543
2123.93	-1030.72	6645.25	0.983561
2125.04	-1021.8	6617.19	0.983588
2117.04	-1016.45	6584.59	0.983612
2101	-1014.04	6549.69	0.983632
2076.74	-1002.43	6520.83	0.983661
2049.27	-980.601	6499.48	0.983693
2025.66	-963.397	6481.32	0.983734
2009.86	-958.392	6468.57	0.983775
2000.38	-966.115	6468.29	0.983791
2001.57	-983.014	6469.04	0.98384
2012.82	-1002.22	6471.58	0.983895
2024.55	-989.993	6483	0.983938
2038.96	-977.022	6497.5	0.983974
2054.38	-961.839	6511.92	0.984007
2070.61	-967.506	6517.76	0.984024
2086.97	-990.255	6515.75	0.984049
2101.25	-1018.26	6509.3	0.984071
2110.71	-1041.86	6498.89	0.984096
2112.96	-1059.24	6485.79	0.984124
2112.24	-1075.68	6467.33	0.98416
2108.27	-1087.14	6444.61	0.984199
2102.06	-1092.7	6420.97	0.984239
2094.61	-1092.24	6399.41	0.984279
2085.89	-1084.37	6380.52	0.984318
2078.23	-1075.43	6364.89	0.98436
2070.68	-1066.99	6353.76	0.9844
2065.99	-1062.4	6347.15	0.984437
2064.29	-1060.45	6347.98	0.984476
2067.84	-1062.34	6354.64	0.984514
2073.91	-1063.83	6364.01	0.984553
2082.65	-1065.55	6376.8	0.984591
2095.34	-1067.22	6391.18	0.98463
2109.99	-1070.9	6404.47	0.984665
2119.32	-1070.67	6423.85	0.984686
2124.17	-1062.66	6452.53	0.984698
2127.19	-1049.98	6488.09	0.984704
2131.61	-1033.77	6528.6	0.984708
2141.02	-1018.82	6566.12	0.984704
2156.93	-1005.34	6597.96	0.984702
2179.08	-994.889	6624.29	0.984699
2199.66	-981.778	6642.84	0.984701
2218.06	-975.306	6653.04	0.984699
2232.8	-977.151	6656.99	0.984695
2238.67	-976.068	6653.5	0.984699
2234.22	-966.249	6643.84	0.984708
2221.31	-947.576	6631.13	0.984722
2201.74	-927.896	6611.12	0.984734
2179.17	-909.958	6587.47	0.984748
2156.65	-896.668	6563.37	0.984764
2136.09	-886.753	6542.5	0.984781
2118.15	-881.273	6524.16	0.984798
2104.09	-880.568	6509.92	0.984814
2094.44	-883.683	6500.8	0.984831
2089.04	-887.795	6497.5	0.984847
2088.7	-892.5	6501.77	0.984863
2092.73	-896.669	6511.94	0.984879
2100.39	-899.569	6525.93	0.984894
2110.74	-900.934	6541.58	0.98491
2122.67	-900.905	6556.86	0.984926
2134.89	-899.887	6570.12	0.984941
2146.08	-898.377	6580.19	0.984957
2154.01	-896.083	6584.21	0.984972
2158.09	-893.622	6582.7	0.984988
2158.04	-891.5	6576.69	0.985003
2154.08	-890.026	6567.58	0.985019
2146.93	-889.293	6556.9	0.985035
2138.68	-888.809	6548.79	0.985051
2129.77	-890.266	6540.69	0.985068
2121.41	-891.586	6534.04	0.985084
2114.82	-893.645	6529.01	0.985098
2111.43	-895.338	6528.62	0.985114
2111.19	-896.479	6532.16	0.985129
2113.82	-897.059	6538.54	0.985145
2118.77	-897.189	6546.56	0.985161
2124.38	-897.445	6552.39	0.985175
2130.66	-896.107	6558.82	0.985192
2135.63	-893.249	6562.68	0.985209
2149.05	-918.287	6571.69	0.985201
2166.75	-958.738	6585.22	0.985191
2184.76	-996.735	6604.01	0.985184
2202.14	-1022.87	6628.91	0.985178
2219.56	-1031.9	6655.02	0.985171
2234.75	-1020.75	6678.43	0.985169
2249.1	-1000.65	6697.55	0.985164
2261.86	-979.07	6710.11	0.985159
2272.21	-964.157	6714.32	0.985155
2276.43	-955.151	6706.72	0.985154
2275.29	-955.543	6691.47	0.98515
2268.38	-963.661	6671.4	0.985146
2256.09	-975.105	6650.06	0.985141
2241.49	-986.235	6628.02	0.985135
2224.52	-992.118	6606.33	0.985131
2208.24	-994.391	6589.24	0.985125
2193.99	-992.296	6578.21	0.98512
2182.26	-991.935	6574.05	0.985114
2174.97	-994.28	6575.69	0.98511
2173.11	-998.178	6582.11	0.985105
2177.63	-1001.97	6594.61	0.985102
2186.7	-1006.55	6607.77	0.985096
2197.91	-1003.66	6622.58	0.985097
2208.09	-993.442	6640.01	0.985107
2209.66	-973.105	6642.2	0.985116
2199.43	-920.649	6635.62	0.985152
2182.09	-858.955	6619.38	0.985184
2166.53	-816.281	6601.27	0.985208
2155.7	-800.373	6587.34	0.985233
2148.02	-807.811	6576.46	0.985258
2145.89	-837.527	6560.8	0.985305
2145.28	-876.084	6541.97	0.985348
2140.92	-899.612	6525.46	0.985407
2131.54	-911.33	6513.5	0.985468
2121.17	-928.807	6500.73	0.985507
2108	-941.146	6490.99	0.985556
2095.2	-962.234	6482.14	0.985598
2087.71	-991.378	6478.66	0.98563
2080.81	-1018.88	6480.88	0.985656
2074.2	-1038.06	6488.29	0.985678
2068.18	-1045.12	6499.81	0.985697
2061.33	-1043.87	6512.22	0.985715
2054.58	-1040.69	6519.84	0.985745
2047.69	-1029.91	6524.79	0.985771
2039.9	-1008.25	6529.01	0.985792
2030.44	-987.264	6532.22	0.985819
2022.52	-966.141	6530.99	0.985848
2015.58	-953.79	6524.19	0.985871
2007.49	-948.635	6514.04	0.985899
1989.96	-925.31	6512.74	0.985955
1967.11	-892.706	6518.28	0.986014
1945.09	-857	6531.75	0.986077
1930.96	-833.581	6545.02	0.986133
1926.78	-824.872	6558.94	0.986193
1931.34	-836.17	6569.62	0.986261
1942.8	-859.191	6577.55	0.986328
1955.58	-876.037	6583.95	0.986386
1966.33	-879.329	6590.28	0.986437
1969.99	-866.107	6589.92	0.986485
1964.39	-844.01	6575.57	0.98653
1954.44	-821.789	6557.4	0.986572
1942.17	-804.848	6539.99	0.986613
1929.02	-797.518	6524.39	0.98665
1923.79	-866.827	6493.94	0.98666
1922.8	-958.407	6464.94	0.986678
1921.31	-1041.8	6444.22	0.986699
1917.89	-1091.68	6434.66	0.98672
1911.46	-1103.31	6433.63	0.986743
1906.16	-1079.55	6440.63	0.986766
1905.17	-1035.78	6449.39	0.986792
1910.85	-987.964	6457.04	0.986814
1923.87	-951.816	6455.8	0.986837
1940.86	-933.646	6446.57	0.98686
1956.02	-931.483	6429.89	0.986882
1963.24	-941.473	6409.25	0.986907
1961.97	-956.414	6388.96	0.98693
1953.11	-969.025	6370.33	0.986955
1941.96	-986.774	6352.33	0.986983
1927.55	-977.585	6337.01	0.987019
1913.95	-945.538	6326.62	0.987048
1900.26	-892.319	6321.66	0.987084
1889.23	-827.156	6320.69	0.987126
1881.41	-769.044	6318.65	0.987167
1875.6	-727.598	6305.92	0.987202
1864.45	-695.341	6277.42	0.987245
1853.62	-684.172	6248.86	0.987286
1843.72	-693.166	6228.37	0.987328
1838.48	-723.515	6217.59	0.98736
1839.95	-753.663	6213.68	0.987407
1843.38	-792.362	6213.21	0.987433
1848.55	-828.814	6219.02	0.987455
1852.74	-846.542	6230.56	0.987483
1856.66	-844.902	6245.83	0.987509
1858.91	-815.456	6264.13	0.987548
1869.04	-806.855	6272.17	0.98755
1882.61	-815.929	6268.59	0.987552
1890.05	-812.376	6259.58	0.987574
1886.41	-789.925	6245.23	0.987604
1876.5	-786.655	6217.5	0.987609
1857.66	-780.229	6186.26	0.98763
1830.75	-764.574	6156.12	0.98766
1800.78	-742.905	6126.37	0.987688
1772.05	-733.827	6098.27	0.987704
1745.68	-725.708	6076.44	0.987732
1722.57	-708.918	6063.91	0.987773
1707.34	-689.019	6058.05	0.987813
1701.44	-677.06	6056.06	0.98785
1704.67	-684.31	6053.85	0.987876
1713.7	-703.169	6048.08	0.987929
1722.11	-720.182	6040.39	0.987979
1729.84	-739.034	6030.03	0.98801
1732.21	-744.119	6022.81	0.988052
1732.15	-733.971	6018.08	0.988091
1727.64	-708.353	6015.19	0.988138
1723.23	-681.927	6011.83	0.988183
1722.32	-666.603	6006.26	0.98822
1723.56	-653.994	6000.46	0.988271
1728.07	-648.802	5989.71	0.988312
1732.79	-645.303	5975.76	0.988359
1737.62	-642.289	5959.37	0.988405
1743.19	-648.692	5938.07	0.988456
1747.13	-659.943	5911.55	0.988508
1749.18	-667.025	5881.97	0.988557
1748.04	-680.4	5850.07	0.988595
1742.39	-693.398	5817.1	0.988641
1727.24	-677.347	5792.04	0.988688
1706.63	-645.888	5772.82	0.988733
1683.7	-613.005	5756.8	0.98878
1666.35	-586.819	5743.04	0.988829
1653.72	-569.177	5724.3	0.988876
1646.4	-563.145	5701.41	0.988925
1643.54	-572.085	5681.45	0.988964
1641.57	-587.223	5663.6	0.989005
1637.21	-597.517	5652.44	0.989061
1630.25	-607.587	5644.08	0.989106
1621.87	-601.338	5642.01	0.989159
1614.04	-578.682	5642.42	0.98922
1610.25	-572.314	5633.8	0.989293
1609.58	-583.54	5617.95	0.989363
1609.85	-612.785	5596.47	0.989423
1605.14	-643.289	5571.54	0.98948
1591.24	-648.485	5552.19	0.989556
1571.58	-643.425	5534.07	0.989618
1546.78	-608.78	5524.94	0.989679
1522.63	-573.904	5518.43	0.989733
1504.68	-533.175	5512.71	0.989796
1497.36	-518.978	5500.31	0.989828
1496.1	-514.142	5489.34	0.989887
1496.95	-526.871	5473.39	0.989923
1492.71	-539.521	5464.07	0.989982
1479.34	-550.609	5469.82	0.99004
1470.82	-563.041	5472.88	0.990085
1468.42	-561.905	5479.93	0.99014
1470.8	-562.986	5477.92	0.990179
1481.44	-584.548	5471.37	0.99019
1490.03	-599.758	5457.28	0.990213
1495.52	-617.906	5439.8	0.990223
1496.75	-638.642	5425.41	0.990238
1489.83	-657.711	5408.82	0.990253
1472.55	-658.767	5390.6	0.990269
1446.08	-644.07	5365.08	0.990289
1423.66	-630.288	5349.79	0.990304
1410.51	-617.194	5348.56	0.990323
1407.34	-608.914	5358.34	0.99034
1414.89	-602.89	5381.2	0.990361
1433.38	-598.28	5412	0.990388
1457.61	-593.461	5447.52	0.990419
1484.35	-586.455	5482.75	0.990451
1512.06	-577.647	5511.04	0.990484
1536.94	-567.33	5530.11	0.990517
1555.44	-555.13	5539.63	0.990552
1565.75	-545.58	5539.18	0.990588
1567.91	-538.863	5533.18	0.99063
1562.54	-534.936	5523.76	0.99067
1551.56	-532.039	5513.63	0.99071
1537.61	-526.606	5505.84	0.990756
1525.02	-516.211	5500.45	0.990802
1516.04	-505.4	5497.27	0.990848
1511.72	-498.555	5495.64	0.990899
1511.38	-494.512	5496.1	0.990949
1513.72	-491.635	5498.86	0.991
1517.57	-489.43	5503.37	0.991049
1522.06	-488.326	5508.63	0.9911
1526.42	-487.222	5514.16	0.991154
1530.32	-486.347	5519.13	0.991207
1533.68	-486.82	5522.62	0.991261
1536.5	-490.102	5523.84	0.991318
1538.35	-494.379	5523.31	0.991376
1539.94	-495.348	5520.49	0.99143
1540.37	-493.668	5516.14	0.991487
1538.85	-488.532	5511.73	0.991545
1523.58	-493.283	5469.57	0.991574
1502.27	-508.309	5415.41	0.991607
1478.56	-528.268	5371.39	0.991644
1453.02	-550.284	5341.84	0.991674
1430.84	-564.141	5337.61	0.991712
1417.1	-565.703	5358.02	0.991754
1417.14	-552.769	5394.81	0.991796
1431.55	-534.831	5440.08	0.991846
1459.98	-513.097	5484.64	0.991896
1497.61	-496.008	5520.8	0.991948
1534.38	-509.095	5523.34	0.991965
1563.62	-540.216	5505.77	0.991987
1578.2	-575.524	5480.18	0.992019
1569.5	-603.684	5441.66	0.992041
1542.99	-617.505	5406.3	0.992068
1507.07	-614.804	5384.41	0.992097
1472.18	-594.889	5383.09	0.99213
1447.6	-568.164	5397.76	0.992164
1440.65	-541.771	5420.99	0.992198
1451.68	-521.983	5447.24	0.992233
1475.97	-508.08	5473.09	0.992273
1506.48	-498.829	5495.64	0.992318
1536.2	-494.059	5512.4	0.992367
1559.47	-492.394	5522.38	0.992415
1574.87	-515.351	5515.56	0.992431
1580.29	-548.715	5500.07	0.992446
1574.45	-577.899	5482.01	0.992463
1559.61	-590.268	5469.62	0.99249
1540.07	-583.222	5465.02	0.992522
1522.54	-562.16	5469.74	0.992561
1511.6	-533.139	5481.63	0.992603
1509.97	-504.605	5497.16	0.992651
1517.58	-482.259	5513.21	0.992701
1531.84	-468.323	5527.57	0.992754
1549.05	-464.068	5538.31	0.99281
1565.66	-471.854	5543.37	0.992874
1578.23	-487.944	5543.07	0.992944
1583.29	-503.593	5537.66	0.993012
1580.85	-515.475	5529.07	0.993077
1572.41	-521.322	5519.47	0.993135
1560.51	-521.279	5510.53	0.9932
1547.83	-515.092	5504.01	0.993267
1536.96	-505.423	5500.39	0.993333
1529.33	-492.013	5500.66	0.993393
1525.67	-487.873	5502.88	0.993464
1525.87	-488.44	5507.67	0.993533
1529.63	-493.274	5513.77	0.993603
1535.38	-495.572	5521.86	0.993673
1542.27	-496.388	5530.1	0.993745
1549.33	-495.786	5537.33	0.993816
1555.75	-495.24	5542.35	0.993886
1559.91	-518.269	5527.68	0.993918
1568.7	-586.922	5502.22	0.993916
1565.44	-643.967	5467.99	0.993935
1553.87	-679.848	5443.55	0.993951
1535.98	-694.102	5429.99	0.99396
1516.08	-686.23	5428.1	0.993974
1503.11	-683.718	5430.91	0.993966
1495.14	-665.713	5439.6	0.993984
1497.27	-644.974	5456.42	0.994
1504.23	-621.443	5469.8	0.994019
1513.9	-602.685	5475.15	0.994037
1522.61	-591.695	5470.63	0.994055
1528.34	-589.843	5460.58	0.994075
1529.26	-600.285	5445.87	0.994092
1522.8	-612.784	5429.32	0.994107
1512.19	-624.638	5418.37	0.99413
1500.37	-629.453	5417.46	0.994154
1491.01	-621.599	5429.38	0.994185
1489.16	-598.91	5452.32	0.994224
1496.45	-570.052	5480.37	0.994269
1512.05	-540.535	5508.83	0.99432
1533.37	-516.341	5533.32	0.994376
1555.99	-497.058	5552.25	0.994436
1575.89	-484.157	5564.23	0.994496
1590.45	-482.171	5567.6	0.994563
1596.35	-484.46	5562.83	0.994628
1592.31	-485.146	5551.42	0.994698
1580.72	-486.556	5535.55	0.994764
1564.14	-485.045	5519.56	0.994833
1546.48	-485.328	5504.6	0.994897
1530.91	-489.229	5492.07	0.994962
1520.76	-530.748	5464.45	0.994975
1515.99	-594.847	5433.39	0.994983
1510.36	-646.439	5410.69	0.995
1505.79	-677.274	5396.67	0.995035
1501.6	-695.744	5392.75	0.995072
1496.34	-692.606	5398.15	0.995104
1495.41	-703.584	5404.14	0.995125
1498.62	-725.915	5406.87	0.995145
1504.94	-753.954	5406.41	0.995168
1512.84	-784.131	5409.12	0.99519
1520.72	-812.501	5413.37	0.995214
1525.25	-827.069	5422.8	0.995225
1531	-833.606	5429.02	0.995252
1533.84	-816.595	5439.12	0.995261
1533.2	-781.14	5453.79	0.995264
1532.05	-738.486	5469.58	0.995254
1532.46	-695.388	5484.78	0.995246
1539.64	-681.907	5487.69	0.995261
1543.89	-658.727	5492.38	0.995323
1543.07	-634.169	5496.84	0.995384
1537.14	-614.452	5499.86	0.995452
1529.49	-601.568	5501.65	0.995519
1520.32	-591.936	5503.7	0.99558
1513.25	-589.382	5504.91	0.995643
1507.5	-590.481	5506.07	0.995703
1503.82	-595.257	5504.55	0.995767
1501.09	-600.878	5503.67	0.995831
1497.96	-602.071	5507	0.995888
1494.29	-592.914	5513.31	0.995938
1495.56	-616.002	5505.57	0.995932
1497.11	-652.848	5485.73	0.995926
1495.64	-689.906	5460.26	0.995917
1486.45	-718.659	5434.24	0.995902
1473.82	-737.234	5413.45	0.995882
1462.41	-738.374	5395.65	0.995858
1451.16	-723.218	5387.93	0.995842
1438.2	-689.858	5392.04	0.995838
1425.22	-647.286	5405.25	0.995843
1418.11	-604.891	5426.34	0.995853
1420.84	-566.691	5450	0.995871
1432.96	-537.885	5472.62	0.995894
1450.93	-511.866	5490.17	0.995929
1470.4	-492.697	5500.91	0.995967
1491.79	-482.132	5500.59	0.996007
1505.61	-484.263	5498.25	0.996049
1510.11	-494.603	5490.87	0.996098
1511.98	-549.067	5464.89	0.996081
1507.74	-620.372	5430.7	0.996063
1496.81	-683.623	5402.46	0.996041
1480.75	-720.556	5384.05	0.996018
1459.07	-699.377	5386.8	0.996045
1441.29	-637.576	5405.75	0.99608
1436.14	-563.849	5431.97	0.996117
1447.76	-493.446	5458.4	0.996162
1473.85	-442.855	5479.6	0.996204
1508.36	-417.892	5488.88	0.996244
1543.49	-417.595	5489.46	0.996292
1570.66	-425.285	5482.67	0.996342
1586.57	-427.125	5474.83	0.996403
1593.54	-426.233	5462.4	0.996456
1591.6	-418.571	5449.83	0.996519
1585.72	-417.639	5437.78	0.996574
1579.97	-419.352	5427.15	0.996624
1578.18	-427.341	5415.85	0.996666
1578.96	-436.082	5404.6	0.996707
1580.5	-441.445	5393.77	0.996749
1582.61	-445.27	5384.31	0.996789
1585.54	-447.944	5372.9	0.996825
1586.63	-449.974	5356.97	0.996874
1586.15	-452.998	5334.9	0.996912
1579.57	-445.859	5314.75	0.99696
1567.98	-440.042	5292.15	0.997017
1551.4	-419.135	5274.92	0.997068
1533.78	-379.531	5264.21	0.997129
1518.58	-353.948	5248.66	0.997166
1505.96	-332.309	5238.11	0.997221
1498.43	-332.582	5228.42	0.997271
1494.91	-344.217	5218.85	0.997316
1491.64	-348.644	5209.18	0.997358
1487.14	-355.89	5193.32	0.997397
1478.92	-361.704	5166.99	0.997411
1465.65	-367.52	5139.98	0.997444
1447.08	-366.234	5119.01	0.997508
1428.12	-341.942	5106.26	0.997556
1409.25	-325.874	5098.85	0.997614
1396.18	-311.333	5095.83	0.997669
1388.03	-300.412	5096.91	0.997734
1386.6	-302.401	5098.53	0.9978
1392.96	-310.61	5097.61	0.997864
1403.04	-319.495	5091.47	0.997929
1412.93	-318.337	5085.2	0.997984
1416.68	-314.657	5077.75	0.998045
1414.15	-299.534	5067.84	0.998112
1405.21	-274.053	5059	0.998192
1392.99	-254.199	5049.43	0.998268
1383.08	-246.275	5035.66	0.99832
1374.39	-248.811	5018.92	0.998373
1368.6	-256.206	4999.75	0.998424
1364.44	-265.823	4979.99	0.998477
1359.32	-261.033	4961.88	0.998511
1353.81	-246.1	4943.98	0.998544
1347.67	-231.627	4925.3	0.998582
1341.1	-215.38	4906.93	0.99861
1333.09	-203.293	4887.01	0.998643
1322.77	-198.596	4868.84	0.998679
1312.96	-199.991	4851.67	0.998716
1305.07	-207.267	4842.37	0.998756
1296.52	-216.23	4835.25	0.998797
1297.21	-230.598	4817.5	0.998889
1304.09	-248.147	4785.78	0.999004
1299.55	-237.617	4763.66	0.999072
1282.59	-211.907	4747.28	0.999139
1254.7	-181.5	4737.59	0.999204
1228.27	-167.754	4732.61	0.999283
1206.29	-162.374	4722.62	0.999355
1188.57	-167.585	4709.41	0.999433
1178.2	-169.423	4706.2	0.999493
1170.29	-174.433	4705.01	0.999543
1164.45	-178.033	4702.57	0.99959
1159.85	-184.164	4687.79	0.999621
1153.16	-180.13	4667.47	0.999665
1137.85	-171.264	4637.11	0.999705
1111.73	-164.685	4602.79	0.999734
1075.94	-158.378	4579.05	0.999776
1039.84	-155.311	4572.33	0.999821
1008.11	-159.888	4574.9	0.999882
987.982	-174.27	4576.98	0.999953
979.331	-177.62	4577.55	1
976.927	-169.284	4577.18	1.00004
974.405	-155.662	4572.84	1.00009
969.622	-138.597	4562.68	1.00013
955.122	-123.535	4544.7	1.00017
934.554	-111.428	4518.7	1.00021
908.121	-109.054	4489.64	1.00024
877.635	-112.036	4463.06	1.00028
846.564	-127.579	4440.91	1.00034
818.204	-148.266	4425.57	1.00039
793.603	-157.863	4420.66	1.00043
774.203	-159.62	4421.84	1.00045
759.885	-150.01	4429.16	1.0005
753.47	-142.134	4434.64	1.00053
750.6	-136.237	4435.45	1.00053
747.735	-128.235	4431.85	1.00053
740.16	-118.958	4423.53	1.00053
726.588	-109.765	4409.22	1.00053
704.715	-108.898	4388.37	1.00051
675.079	-113.532	4362.96	1.00049
639.706	-126.163	4331.48	1.00045
600.618	-136.728	4293.96	1.00041
562.809	-124.866	4262.65	1.00042
531.056	-101.751	4243.74	1.00043
504.918	-80.3656	4234.48	1.00045
480.303	-61.3294	4229.75	1.00047
459.904	-49.2886	4225.22	1.00048
442.22	-42.3952	4222.53	1.00049
426.222	-46.7307	4219.68	1.00051
414.329	-52.9706	4219.41	1.00053
405.216	-57.5979	4221.67	1.00055
398.515	-62.8161	4226.3	1.00058
392.993	-60.4939	4232.01	1.0006
387.843	-54.0306	4238.61	1.00062
382.506	-43.1302	4243.23	1.00063
376.934	-34.727	4245.86	1.00066
370.407	-34.1757	4244.79	1.00069
359.443	-34.2383	4234.82	1.00071
343.965	-38.8005	4222.23	1.00073
324.235	-46.6405	4213.74	1.00075
301.719	-53.1493	4209.05	1.00076
278.964	-57.3659	4210.21	1.00078
260.482	-72.0882	4211.42	1.00081
243.47	-73.3208	4216.28	1.00081
230.501	-69.5063	4224.76	1.00081
221.283	-60.7133	4238.45	1.00081
214.507	-56.9564	4250.43	1.00082
209.353	-60.8438	4260.96	1.00083
205.194	-68.5785	4264.52	1.00083
199.755	-76.1147	4265.91	1.00084
191.885	-81.6868	4265.13	1.00084
182.313	-83.4826	4261.19	1.00084
169.465	-81.3913	4253.56	1.00084
155.468	-77.8264	4244.17	1.00085
139.95	-73.039	4235.55	1.00085
125.959	-69.5104	4230.9	1.00085
112.336	-65.4879	4225.19	1.00086
98.3271	-52.7858	4223.07	1.00085
83.9984	-36.3214	4219.84	1.00083
69.7617	-20.5693	4212.15	1.00082
56.4839	-9.16023	4200.32	1.00081
43.0979	-5.0944	4187.12	1.00079
26.3955	-4.49218	4172.89	1.00078
6.2529	-5.86569	4159.27	1.00077
-14.7412	-8.43609	4145.25	1.00076
-37.1912	-8.70887	4136.71	1.00075
-56.5556	-7.55779	4137.96	1.00074
-75.6907	-8.44535	4135.8	1.00073
-90.0468	-14.5001	4128.3	1.00074
-98.7046	-24.6495	4114.05	1.00076
-108.753	-38.8642	4094.5	1.00078
-123.206	-52.2853	4075.27	1.0008
-142.323	-59.9815	4061.22	1.00082
-163.487	-61.2562	4054.53	1.00085
-183.848	-59.8785	4061.81	1.00087
-198.098	-58.8263	4081.68	1.00088
-202.951	-60.6766	4102.64	1.00091
-201.066	-62.4414	4120.02	1.00092
-196.395	-56.1681	4132.54	1.00093
-192.869	-40.3156	4133.81	1.00092
-192.775	-21.6144	4128.93	1.00091
-199.203	-8.55329	4118.6	1.0009
-216.197	-18.4544	4092.86	1.00088
-241.324	-52.91	4052.01	1.00085
-266.398	-98.5055	4007.87	1.00081
-289.248	-138.946	3973.43	1.00076
-311.761	-175.353	3951.77	1.00072
-332.508	-193.109	3952.27	1.00069
-352.756	-186.805	3956.41	1.00063
-368.721	-170.163	3957.68	1.0006
-383.177	-144.562	3946.1	1.00057
-397.803	-118.686	3909.26	1.00054
-406.095	-107.758	3869.51	1.0005
-411.659	-115.342	3841.62	1.00046
-418.37	-136.192	3830.15	1.00042
-429.565	-159.252	3835.89	1.00037
-433.1	-173.425	3878.11	1.00032
-422.44	-180.39	3938.69	1.00026
-393.668	-180.207	4015.5	1.00023
-353.973	-167.592	4092.11	1.00022
-310.15	-169.621	4134.17	1.00024
-322.171	-129.776	4073.02	1.00022
-376.65	-55.6843	3940.79	1.00019
-469.716	-15.3633	3791.91	1.00018
-568.771	-31.2204	3664.06	1.00018
-638.488	-99.9926	3592.3	1.00018
-662.38	-187.237	3586.16	1.00017
-644.706	-258.173	3645.45	1.00016
-583.464	-275.563	3716.19	1.00013
-513.953	-240.464	3782.19	1.00009
-466.307	-176.629	3829.83	1.00004
-446.98	-110.791	3850.55	0.999977
-449.45	-69.8666	3835.86	0.999936
-459.115	-65.1763	3803.7	0.99989
-461.622	-97.7618	3788.16	0.999842
-447.983	-147.612	3825.31	0.9998
-430.212	-188.021	3900.25	0.999775
-411.261	-200.633	3984.76	0.999738
-388.689	-180.356	4057.05	0.999714
-351.913	-149.143	4097.97	0.999704
-308.521	-113.081	4118.77	0.999692
-262.7	-101.845	4114.45	0.999681
-234.84	-110.724	4090.2	0.999671
-235.603	-128.956	4055.74	0.99966
-260.38	-147.014	4025.44	0.999646
-293.983	-159.968	4012.27	0.99963
-320.554	-167.559	4019.2	0.999613
-328.494	-161.432	4046.32	0.999591
-315.978	-145.287	4083.06	0.999589
-289.912	-122.947	4122.4	0.9996
-261.511	-100.486	4155.52	0.999617
-235.733	-68.1941	4177.98	0.999609
-220.774	-39.6093	4184	0.999605
-218.199	-26.1148	4168.64	0.999592
-225.156	-28.8632	4139.27	0.99958
-238.483	-45.3392	4109.33	0.999571
-248.608	-67.3276	4087.07	0.999563
-254.563	-95.6832	4073.76	0.999565
-253.497	-123.99	4070.54	0.999572
-247.029	-156.825	4074.22	0.999549
-242.646	-189.775	4086.01	0.99956
-237.275	-228.446	4092.83	0.999474
-232.596	-251.158	4102.36	0.999405
-231.538	-258.47	4111.21	0.999342
-232.626	-248.87	4123.87	0.999281
-231.019	-233.606	4138.33	0.99923
-225.146	-220.14	4153.74	0.999177
-215.79	-212.77	4166.05	0.999121
-207.661	-211.961	4174.99	0.99907
-200.275	-219.588	4180.17	0.99902
-210.859	-197.708	4188.73	0.999027
-224.268	-159.497	4198.26	0.999033
-231.546	-124.636	4207.04	0.999039
-232.968	-99.9999	4215.44	0.999035
-229.51	-85.0045	4224.76	0.99902
-235.753	-67.8171	4211.19	0.999013
-247.771	-48.2656	4184.02	0.998998
-254.648	-45.903	4173.51	0.998979
-259.054	-63.8805	4178.12	0.998949
-256.757	-86.5991	4196.1	0.998915
-249.726	-107.239	4223.96	0.998872
-239.814	-115.406	4252.87	0.998831
-231.549	-114.647	4278.33	0.998788
-225.569	-103.094	4298.67	0.99875
-225.486	-87.5794	4307	0.99871
-235.2	-77.5459	4302.92	0.998664
-251.21	-74.446	4292.07	0.998621
-268.116	-76.627	4279.26	0.998575
-285.23	-85.2567	4270.47	0.998526
-302.602	-95.9106	4269.13	0.998473
-318.533	-101.86	4275.54	0.998423
-333.99	-103.858	4289.79	0.99837
-343.398	-111.53	4303.24	0.998334
-350.939	-117.705	4316.7	0.998297
-356.804	-123.122	4326.39	0.998259
-362.211	-125.934	4333.25	0.998225
-366.453	-117.087	4335.7	0.998173
-368.961	-109.227	4332.32	0.998121
-372.033	-105.593	4328.4	0.99807
-379.172	-107.932	4324.56	0.998018
-389.73	-115.899	4322.84	0.997962
-402.51	-123.714	4326.1	0.997911
-414.971	-127.887	4338.7	0.997857
-420.875	-130.632	4353.9	0.997805
-421.752	-128.702	4369.21	0.997757
-419.065	-125.621	4382.65	0.99771
-412.895	-134.138	4389.58	0.997679
-404.15	-148.835	4392.67	0.997647
-398.416	-169.035	4395.11	0.997611
-396.409	-189.699	4398.2	0.997569
-393.405	-205.328	4405.21	0.997525
-394.736	-209.916	4422.14	0.997483
-396.19	-203.47	4446.1	0.99745
-397.653	-193.935	4475.6	0.997424
-395.491	-187.406	4509.34	0.997398
-389.719	-189.262	4540.66	0.997362
-380.118	-196.418	4568.11	0.997325
-369.158	-196.634	4593	0.997277
-359.376	-191.122	4614.34	0.997222
-351.944	-185.372	4631.45	0.997165
-348.538	-183.155	4640.36	0.997104
-348.91	-181.767	4645.74	0.997048
-353.459	-182.907	4644.31	0.996988
-360.571	-186.405	4639.99	0.996926
-370.21	-190.609	4632.06	0.996866
-377.39	-203.658	4619.32	0.996825
-384.765	-218.291	4613.5	0.996771
-391.294	-227.248	4613.67	0.996719
-395.231	-234.959	4619.23	0.996674
-397.041	-236.221	4639.31	0.996624
-393.305	-239.641	4662.8	0.996577
-382.487	-251.231	4683.95	0.996546
-373.695	-258.958	4703.5	0.996509
-368.205	-266.934	4718.33	0.99648
-369.533	-268.43	4730.91	0.996442
-375.455	-270.243	4736.79	0.996414
-385.202	-270.408	4738.8	0.996383
-397.053	-272.085	4737.74	0.996349
-406.563	-276.077	4739.33	0.996316
-414.417	-281.985	4744.53	0.996284
-421.191	-289.087	4757.84	0.996252
-427.37	-300.618	4775.04	0.996218
-432.844	-314.359	4793.84	0.996183
-436.348	-322.864	4816.32	0.996151
-439.514	-331.892	4837.12	0.99611
-441.825	-338.443	4857.35	0.996076
-442.606	-339.632	4876.1	0.996043
-443.568	-337.422	4890.08	0.996009
-444.19	-330.471	4904.77	0.995981
-443.829	-331.296	4911.21	0.995947
-443.157	-336.941	4912.64	0.995914
-443.84	-331.613	4923.19	0.995899
-443.136	-329.723	4935.05	0.995876
-440.926	-338.467	4945.49	0.995844
-437.325	-355.247	4952.74	0.995812
-434.375	-370.684	4961.6	0.995779
-429.058	-385.519	4973.74	0.995748
-424.306	-390.788	4987.77	0.995717
-419.177	-390.948	5006.38	0.995687
-412.11	-392.154	5026.69	0.995655
-403.602	-392.663	5047.34	0.995625
-395.325	-397.081	5067.33	0.995594
-386.776	-405.12	5085.31	0.99556
-377.451	-412.022	5103.66	0.995528
-367.824	-417.227	5120.96	0.995494
-360.263	-422.521	5137.2	0.99546
-354.228	-430.752	5148.96	0.99543
-351.016	-433.214	5160.27	0.995393
-345.293	-434.353	5166.4	0.995367
-340.529	-440.849	5168.75	0.99534
-339.365	-444.456	5170.04	0.995308
-340.608	-448.84	5169.81	0.995278
-344.586	-455.121	5169.87	0.995254
-352.275	-462.853	5164.87	0.995222
-357.584	-467.176	5165.92	0.995198
-356.063	-471.413	5186.56	0.995175
-351.208	-476.658	5215.91	0.99515
-346.944	-481.95	5242.73	0.995121
-345.368	-484.843	5268.09	0.995097
-346.23	-485.943	5288.11	0.995072
-350.76	-486.762	5302.33	0.995043
-355.854	-488.191	5310.91	0.995018
-361.531	-490.382	5317.64	0.994993
-368.707	-495.343	5323.11	0.994968
-376.06	-502.788	5330.41	0.994942
-383.791	-513.706	5339.14	0.994911
-388.713	-528.133	5347.64	0.994887
-394.754	-537.371	5360.91	0.994858
-397.69	-542.034	5378.25	0.994827
-397.686	-543.865	5397.52	0.994802
-397.951	-549.161	5415.97	0.99477
-398.191	-557.588	5432.41	0.994741
-393.665	-552.44	5462.18	0.994726
-393.875	-549.614	5487.63	0.9947
-395.526	-548.991	5504.16	0.994677
-396.158	-557.224	5509.3	0.99465
-394.922	-563.545	5512.95	0.994628
-393.842	-571.935	5510.99	0.994601
-392.573	-576.549	5511.17	0.994576
-391.534	-579.691	5512.05	0.994554
-393.237	-584.9	5516.3	0.99452
-393.756	-596.915	5522.77	0.994488
-393.176	-605.639	5537.01	0.99445
-390.433	-605.016	5559.65	0.994421
-387.577	-601.841	5586.14	0.994383
-385.801	-594.636	5614.6	0.99435
-383.249	-592.727	5643.72	0.994313
-378.291	-594.926	5669.9	0.994276
-373.55	-590.933	5693.35	0.994245
-367.138	-587.661	5713.25	0.994203
-364.281	-584.797	5729.77	0.994157
-364.532	-581.612	5746.57	0.994108
-365.251	-580.307	5759.39	0.994064
-370.35	-573.477	5768.64	0.994015
-376.892	-575.907	5775.68	0.993974
-378.521	-583.741	5780.97	0.993933
-376.778	-586.536	5778.68	0.993898
-375.516	-592.95	5769.61	0.993855
-375.485	-598.718	5761.65	0.993814
-376.112	-606.867	5757.75	0.993776
-379.476	-625.964	5746.48	0.99372
-383.472	-641.217	5740.32	0.993669
-387.306	-661.814	5739.01	0.993641
-396.658	-677.19	5745.46	0.993621
-410.635	-700.767	5765.14	0.993615
-421.086	-711.676	5795.28	0.993603
-424.598	-706.708	5833.43	0.993592
-420.743	-687.615	5871.54	0.993583
-417.703	-682.027	5904.8	0.993597
-418.522	-688.997	5931.95	0.993618
-418.969	-702.687	5950.47	0.993643
-420.67	-697.447	5968.1	0.993657
-423.378	-679.081	5984.34	0.993673
-427.608	-669.183	5998	0.993701
-431.113	-671.12	6007.87	0.993735
-428.562	-680.803	6011.8	0.993769
-423.393	-691.375	6013.79	0.993805
-420.067	-699.343	6019.84	0.99384
-421.585	-704.242	6035.47	0.993876
-424.749	-702.646	6053.26	0.993911
-427.276	-696.377	6068.28	0.993945
-427.744	-688.202	6077.25	0.993979
-427.087	-679.732	6083.52	0.994011
-426.018	-677.254	6087.1	0.994043
-428.997	-680.034	6093.11	0.994076
-434.332	-687.459	6101.72	0.99411
-438.745	-691.518	6110.67	0.994144
-440.66	-691.653	6118.51	0.994179
-437.383	-679.366	6121.04	0.994204
-428.401	-653.101	6114.07	0.994225
-413.736	-623.588	6095.6	0.994242
-398.547	-597.216	6064.81	0.994257
-389.541	-573.786	6021.92	0.99427
-386.713	-559.268	5973.74	0.994278
-391.113	-549.544	5922.27	0.994285
-397.363	-544.067	5874.94	0.994287
-404.983	-537.74	5832.46	0.994288
-410.912	-530.013	5797	0.994286
-415.649	-521.475	5770.52	0.994281
-424.191	-510.975	5757.11	0.994271
-431.19	-500.981	5756.16	0.994257
-435.003	-492.984	5766.42	0.994242
-432.023	-486.612	5783.56	0.994226
-423.955	-483.401	5802.52	0.994207
-411.01	-482.516	5817.16	0.994189
-395.86	-481.918	5822.06	0.99417
-388.448	-474.248	5816.74	0.994147
-387.398	-465.331	5802.88	0.994124
-390.328	-461.121	5783.52	0.994105
-400.066	-461.265	5764.36	0.994082
-412.944	-464.196	5747.21	0.994062
-424.371	-468.585	5735.66	0.994042
-489.84	-530.55	5768.47	0.99407
-547.826	-622.957	5843.23	0.994103
-562.229	-708.396	5943.59	0.994135
-529.303	-758.939	6047	0.994162
-470.154	-769.287	6134.87	0.994189
-414.167	-749.172	6198.27	0.994214
-379.4	-718.809	6233.58	0.994244
-367.255	-678.671	6239.62	0.994267
-374.179	-640.068	6220.8	0.994288
-390.036	-616.06	6181.14	0.994311
-407.765	-602.746	6129.81	0.99433
-424.391	-598.321	6073.28	0.99435
-434.404	-603.269	6016.05	0.994373
-441.125	-609.641	5969.82	0.994389
-445.133	-614.078	5938.02	0.994407
-448.595	-616.066	5923.82	0.994423
-459.741	-645.29	5887	0.994403
-467.92	-691.445	5844.17	0.994371
-472.144	-733.359	5804.29	0.994336
-471.689	-753.258	5784.85	0.994308
-474.5	-756.549	5778.61	0.994273
-473.997	-742.623	5786.43	0.994245
-468.664	-723.913	5800.49	0.994219
-463.332	-702.041	5819.14	0.994192
-458.301	-687.834	5832.07	0.994171
-453.204	-681.641	5835.54	0.99415
-446.968	-687.395	5825.15	0.994139
-443.611	-722.282	5795.69	0.994138
-446.004	-764.409	5767.31	0.994149
-451.444	-799.846	5752.82	0.994162
-453.243	-780.692	5765.6	0.994147
-450.781	-722.485	5789.44	0.994111
-438.021	-666.803	5801.95	0.994086
-423.733	-627.637	5799.27	0.994067
-413.65	-610.584	5786.47	0.994042
-409.027	-615.764	5765.21	0.994017
-408.085	-635.763	5742.99	0.993993
-409.065	-663.513	5721.91	0.993969
-412.533	-686.125	5709.32	0.993949
-417.75	-700.945	5702.02	0.993928
-422.377	-705.868	5700.38	0.993907
-415.049	-716.14	5704.63	0.993886
-403.213	-724.435	5713.25	0.993866
-390.834	-720.733	5723.25	0.993842
-377.81	-711.755	5735.88	0.993818
-362.986	-699.776	5747.28	0.993797
-351.537	-690.419	5758.06	0.993776
-340.949	-688.717	5770.67	0.993756
-330.434	-691.379	5782.79	0.993735
-319.412	-696.019	5792.48	0.993714
-311.567	-694.193	5800.02	0.993691
-301.663	-692.063	5804.04	0.993675
-294.876	-689.838	5804.11	0.993657
-288.886	-691.166	5801.53	0.993642
-284.542	-690.543	5794.51	0.993626
-282.654	-688.757	5787.57	0.993611
-284.052	-685.297	5782.01	0.993597
-285.502	-682.769	5781.03	0.993582
-286.021	-683.631	5783.55	0.993567
-285.202	-688.118	5788.02	0.99355
-282.18	-692.805	5796.1	0.993535
-282.216	-688.575	5805.97	0.993512
-284.61	-664.583	5823.5	0.993471
-279.153	-665.885	5837.47	0.993452
-269.408	-683.704	5850.47	0.993438
-259.151	-709.646	5864.95	0.993427
-252.766	-735.291	5886.38	0.993417
-248.348	-746.395	5910.24	0.993403
-242.736	-744.798	5934.18	0.993389
-234.991	-733.189	5956.8	0.993378
-227.023	-717.648	5978.59	0.99337
-219.586	-704.863	5992.4	0.993363
-210.638	-696.194	6003.8	0.993362
-201.257	-695.085	6012.26	0.993363
-191.855	-698.068	6019.51	0.993368
-186.752	-687.397	6039.78	0.993363
-181.07	-688.702	6048.93	0.99336
-171.966	-701.298	6047.88	0.993361
-164.85	-714.405	6049.94	0.993362
-158.717	-708.416	6068.69	0.993346
-147.19	-701.532	6084.98	0.993342
-131.23	-696.907	6089.11	0.993333
-121.249	-663.352	6100.17	0.993305
-105.34	-643.119	6097.55	0.993291
-86.4765	-650.431	6078.4	0.993282
-70.7263	-669.935	6055.1	0.993263
-58.9316	-708.368	6036.26	0.993253
-50.7574	-752.2	6022.89	0.993241
-45.0084	-788.058	6019.71	0.993228
-39.4156	-815.376	6028.68	0.993223
-28.3672	-815.231	6046.46	0.993212
-7.10793	-806.293	6067.4	0.9932
20.0624	-791.957	6088.06	0.993191
49.8026	-784.354	6105.72	0.993178
75.6869	-787.183	6120.72	0.993167
95.5231	-799.178	6133.58	0.993156
114.269	-809.137	6139.92	0.993141
129.111	-809.015	6141.71	0.993129
140.391	-801.296	6143.07	0.993119
150.887	-790.081	6142.95	0.993107
157.838	-782.637	6145.6	0.993099
168.198	-782.975	6151.49	0.993092
181.902	-788.828	6161.21	0.993093
197.44	-793.609	6174.21	0.993097
212.658	-796.496	6187.94	0.993098
228.13	-788.943	6205.71	0.993106
243.618	-788.996	6223.19	0.993103
262.635	-787.228	6240.88	0.993107
283.95	-790.31	6258.88	0.993109
304.937	-796.102	6277.12	0.993111
324.261	-809.41	6291.68	0.993112
345.323	-830.67	6299.77	0.993105
364.414	-851.204	6304.6	0.993098
380.459	-861.012	6314.23	0.993093
393.19	-862.37	6326.22	0.993087
405.562	-848.155	6343.05	0.993077
419.327	-822.627	6365.23	0.99307
432.616	-783.621	6386.93	0.993053
445.849	-738.452	6404.94	0.993024
461.659	-703.404	6410.3	0.992996
479.36	-675.496	6402.31	0.992972
497.624	-659.766	6382.93	0.99295
511.08	-654.835	6355.65	0.992927
518.579	-660.914	6322.78	0.9929
520.009	-672.482	6291.41	0.992877
517.736	-685.758	6272.75	0.992854
518.489	-703.728	6267.06	0.992833
526.149	-718.789	6277.62	0.992814
544.751	-736.075	6300.19	0.992802
571.951	-782.289	6316.06	0.992818
596.808	-812.448	6357.08	0.992812
620.645	-814.556	6418.4	0.992801
651.734	-791.586	6488.3	0.992782
695.466	-764.799	6542.91	0.992769
744.22	-740.894	6575.92	0.992754
789.034	-724.479	6580.61	0.992732
820.178	-719.669	6558.44	0.992704
833.384	-726.237	6515.58	0.992681
829.688	-737.638	6461.42	0.992653
817.416	-761.215	6405.85	0.992631
806.111	-802.99	6350.93	0.992624
793.845	-831.454	6304.98	0.992613
781.622	-849.867	6273.04	0.99261
776.309	-852.339	6256.67	0.99261
779.12	-860.567	6256.1	0.992626
787.138	-875.498	6270.2	0.992646
799.881	-888.02	6293.27	0.992664
817.232	-895.289	6319.95	0.992685
839.339	-896.371	6348.7	0.992708
862.937	-892.369	6375.93	0.992728
887.382	-896.34	6400.16	0.992746
912.527	-911.607	6421.37	0.992758
945.913	-934.147	6446.63	0.992745
977.658	-956.516	6469.71	0.992731
1000.73	-961.788	6485.64	0.99271
1017.79	-942.74	6494.58	0.992676
1031.43	-922.386	6500.97	0.992647
1043.4	-904.201	6508.83	0.99262
1054.2	-891.21	6517.92	0.992587
1066.47	-879.858	6524.93	0.99255
1079.35	-876.103	6534.88	0.992516
1092.72	-879.066	6545.62	0.992483
1110.09	-884.36	6556.05	0.992443
1126.78	-884.213	6566.05	0.992407
1146.37	-894.444	6573.56	0.992374
1165.57	-935.393	6574.27	0.992358
1180.76	-963.443	6578.2	0.992335
1197.67	-983.443	6582.35	0.992323
1215.8	-998.344	6587.32	0.992313
1236.92	-1011.11	6590.55	0.992309
1259.65	-1016.18	6598.29	0.992302
1283.71	-1017.66	6606.41	0.992295
1299.08	-995.104	6631.29	0.992274
1313.21	-955.323	6662.47	0.992247
1346.01	-939.375	6664.8	0.992235
1382.27	-944.048	6640.42	0.992224
1404.83	-962.492	6604.52	0.992215
1405.52	-985.718	6570.04	0.992209
1389.98	-1007.49	6546.75	0.992207
1373.47	-1023.27	6536.77	0.992203
1357.16	-1009.06	6555.52	0.992186
1358.79	-978.846	6589.56	0.992167
1385	-951.124	6621.78	0.992151
1429.72	-948.896	6630.75	0.992151
1471.3	-967.346	6621.98	0.992154
1491.43	-994.196	6609.82	0.99216
1493	-1019.64	6604.65	0.992166
1485.8	-1036.23	6608.61	0.992175
1481.38	-1044.53	6624.43	0.992186
1491.09	-1042.14	6648.26	0.992196
1515.96	-1036.62	6675.74	0.992208
1549.46	-1039.73	6705.16	0.992218
1584.8	-1048.31	6736.28	0.992225
1618.49	-1061.92	6767.7	0.992232
1647.94	-1071.48	6799.58	0.992241
1673.14	-1077.35	6827.81	0.99225
1695.03	-1079.27	6849.75	0.992258
1715.83	-1085.74	6863.51	0.992264
1737.71	-1090.74	6868.87	0.992269
1755.68	-1090.44	6867.05	0.992272
1762.47	-1060.94	6865.76	0.992292
1762.99	-1014.31	6868.26	0.99232
1763.56	-965.114	6877.64	0.992356
1766.3	-899.374	6896.82	0.99241
1776.72	-850.699	6925.99	0.992465
1799.92	-832.999	6960.17	0.992524
1846.65	-925.583	6998.55	0.992529
1895.94	-1055.03	7020	0.992536
1934.8	-1151.41	7012.48	0.992548
1955.83	-1193.15	6981.31	0.992555
1958.6	-1175.74	6936.33	0.992563
1948.34	-1128.12	6887.66	0.992574
1931.6	-1075.36	6843.1	0.992585
1913.71	-1040.07	6808.92	0.992598
1901.59	-1031.6	6789.85	0.992612
1892.53	-1044.88	6789.75	0.992621
1898.55	-1075.59	6798.35	0.992638
1913.76	-1106.01	6810.88	0.992654
1932.06	-1117.08	6829.32	0.992669
1953.79	-1117.81	6848.33	0.992681
1973.65	-1109.12	6868.56	0.992695
1992.99	-1103.49	6879.53	0.992709
2008.89	-1094.62	6884.83	0.992723
2022.05	-1088.1	6882.75	0.992736
2027.16	-1082.78	6874.96	0.992749
2029.47	-1086.55	6859.73	0.992768
2025.95	-1097.49	6840.43	0.992786
2009.66	-1103.56	6838.04	0.992803
1991.81	-1103.24	6852.86	0.992817
1985.29	-1107.73	6880.19	0.992825
2000.59	-1122.45	6909.8	0.992832
2026.61	-1133.5	6944.09	0.99284
2062.17	-1136.53	6964.71	0.992858
2092.89	-1127.07	6977.27	0.992875
2111.3	-1111.28	6977.27	0.99289
2114.4	-1101.88	6962.51	0.992901
2099.97	-1091.08	6941.51	0.992912
2073.72	-1076.19	6929.83	0.992932
2052.74	-1069.54	6924.95	0.992953
2051.97	-1076.69	6913.36	0.992982
2053.82	-1083	6904.48	0.99301
2058.76	-1099.24	6896	0.993027
2061.03	-1121.68	6895.59	0.993043
2058.68	-1141.97	6900.23	0.993059
2055.73	-1155.35	6908.64	0.993076
2055.48	-1159.59	6918.87	0.993096
2057.13	-1157.73	6931.36	0.993115
2059.74	-1150.23	6941.42	0.993134
2061.52	-1139.55	6951.52	0.993152
2064.63	-1131.49	6960.19	0.99317
2067.15	-1127.48	6964.23	0.993189
2065.03	-1127.31	6964.5	0.993205
2058.48	-1126.15	6964.66	0.993221
2045.05	-1118.24	6962.26	0.993236
2030.96	-1108.06	6960.85	0.993249
2018.01	-1098.75	6960.8	0.993262
2006.92	-1091.89	6962.23	0.993276
1997.87	-1089.44	6964.9	0.993289
1990.91	-1083.46	6970.77	0.993305
1982.25	-1071.85	6976.4	0.993325
1976.84	-1056.98	6987.71	0.993345
1975.58	-1042.85	7000.67	0.993368
1977.07	-1030.03	7017.3	0.993389
1982.89	-1022.21	7035.67	0.993414
1993.65	-1016.16	7056.69	0.99344
2006.88	-1012.52	7077.81	0.993466
2019.48	-1006.66	7097.18	0.993494
2031.65	-997.065	7116.78	0.993523
2042.24	-985.55	7134.99	0.993554
2050.66	-971.911	7150.93	0.993586
2059.4	-956.212	7161.55	0.993621
2065.93	-937.236	7167.93	0.993659
2069.51	-919.177	7170.13	0.993698
2069.23	-900.734	7170.12	0.99374
2066.05	-883.335	7169.17	0.993785
2062.83	-867.081	7172.57	0.993832
2060.45	-850.893	7180.91	0.993881
2060.95	-837.611	7192.19	0.993932
2064.87	-827.711	7204.93	0.993983
2069.2	-822.635	7219.43	0.994036
2075.23	-822.572	7233.51	0.994088
2082.34	-823.964	7247.27	0.994139
2090.54	-827.267	7258.35	0.99419
2097.83	-828.659	7267.81	0.994241
2101.11	-829.162	7276.95	0.994292
2102.29	-827.376	7286.25	0.994344
2103.92	-824.777	7294.2	0.994395
2104.02	-822.003	7303.11	0.994446
2102.72	-821.361	7313.77	0.994496
2100.98	-823.733	7327.44	0.994546
2102.18	-825.826	7344.19	0.994596
2108.22	-826.908	7361.72	0.994645
2118.37	-826.59	7377.7	0.994694
2130.56	-826.691	7389.19	0.994742
2140.88	-824.921	7396.85	0.994788
2145.07	-823.554	7402.77	0.994835
2143.24	-825.969	7408.44	0.994881
2139.36	-828.37	7414.88	0.994925
2134.91	-831.181	7424.08	0.994969
2131.18	-832.678	7437.98	0.995013
2132.31	-832.979	7453.8	0.995056
2139.41	-834.356	7468.67	0.9951
2150.03	-835.84	7481.44	0.995144
2160.87	-836.765	7491.49	0.995188
2169.71	-838.893	7498.14	0.995234
2175.04	-840.836	7501.62	0.995279
2177.15	-843.788	7501.87	0.995325
2176.54	-846.016	7499.45	0.995371
2174.44	-848.754	7494.76	0.995418
2171.71	-852.525	7488.42	0.995466
2168.39	-855.179	7481.27	0.995514
2164.61	-855.898	7474.15	0.995562
2163.23	-857.745	7470.56	0.995612
2163.23	-861.814	7470.2	0.995662
2163.71	-865.893	7472.33	0.995713
2164.19	-866.62	7476.22	0.995762
2163.4	-867.837	7484.29	0.995812
2163.68	-869.571	7494.67	0.995863
2166.81	-873.535	7505.57	0.995914
2172.05	-875.645	7515.76	0.995966
2178.79	-877.994	7524.24	0.996017
2185.33	-879.562	7530.46	0.996069
2190.36	-879.91	7534.25	0.99612
2193.24	-879.16	7535.69	0.996173
2196.01	-878.585	7538.23	0.996226
2198.05	-878.458	7541.37	0.996279
2199.76	-880.717	7544.17	0.996333
2198.99	-886.176	7548.7	0.996386
2197.54	-890.116	7555.3	0.996438
2197.62	-892.091	7563.27	0.99649
2199.89	-890.484	7572.36	0.996543
2202.3	-889.963	7582.71	0.996597
2205.99	-890.58	7593.06	0.996651
2211.46	-893.609	7601.55	0.996706
2216.74	-893.256	7609.89	0.996758
2221.57	-890.807	7616.7	0.996811
2244.8	-965.146	7597.03	0.996824
2258.06	-1045.98	7579.98	0.996842
2251.39	-1093.75	7580.11	0.996864
2243.23	-1127.86	7592.34	0.996874
2239.49	-1140.65	7617.89	0.996888
2246.51	-1119.98	7650.19	0.996909
2260.51	-1082.18	7675.33	0.996933
2278.66	-1041.81	7685	0.996959
2293.91	-1008.88	7676.15	0.996984
2298.81	-987.674	7651.65	0.99701
2285.9	-980.713	7615.88	0.997036
2259.66	-986.03	7577.84	0.997064
2227.32	-996.622	7547.41	0.997093
2197.54	-1006.1	7530.56	0.997124
2177.52	-1010.47	7528.57	0.997153
2171.18	-1010.44	7537.99	0.997182
2177.57	-1007.68	7554.19	0.997212
2191.88	-1002.27	7573.72	0.997242
2209.1	-997.059	7592.71	0.997274
