1647.47	-1223.38	6369.95	0.920532
1647.05	-1216.66	6372.12	0.919006
1645.86	-1199.33	6377.73	0.917406
1643.27	-1164.45	6388.96	0.916539
1638.42	-1110.88	6406.1	0.915631
1630.3	-1044.36	6426.99	0.915072
1620.45	-980.977	6446.88	0.914846
1611.11	-929.383	6463	0.915034
1602.08	-898.223	6474.27	0.914809
1594.01	-893.494	6480.19	0.914534
1585.64	-905.574	6483.02	0.914478
1574.72	-926.266	6485.1	0.914542
1560.09	-947.074	6488.44	0.9147
1543.51	-959.925	6489.28	0.914977
1521.64	-973.614	6480.49	0.915401
1497.43	-980.648	6463	0.915613
1471.09	-978.998	6439.63	0.915743
1442.97	-981.552	6406.75	0.915794
1413.59	-987.706	6371.08	0.915837
1380.46	-997.546	6331.15	0.915909
1342.43	-1007.77	6294.79	0.916075
1302.43	-1011.48	6269.68	0.916285
1264.87	-1022.45	6257.04	0.916537
1233.92	-1035.56	6259.26	0.916787
1212.41	-1052.7	6271.63	0.916962
1201.99	-1068.81	6288.61	0.917018
1199.03	-1073.44	6309.9	0.917028
1201.3	-1079.93	6327.83	0.916995
1206.84	-1095.44	6335.17	0.916878
1207.77	-1112.73	6328.26	0.916684
1198.65	-1124.26	6308.68	0.916479
1176.49	-1137.91	6277.19	0.916336
1140.34	-1136.41	6241.47	0.916229
1095.78	-1137.52	6198.47	0.916152
1048.72	-1133.95	6154.16	0.916127
1003.47	-1125.68	6109.3	0.916115
961.745	-1119.36	6064.96	0.916132
924.673	-1112.94	6022.08	0.916152
888.801	-1103.22	5986.48	0.9162
854.183	-1098.8	5961.05	0.91628
819.869	-1096	5947.73	0.916362
790.14	-1102.99	5943.03	0.916432
766.711	-1113.02	5946.97	0.916476
748.715	-1122.36	5960.05	0.916511
735.789	-1123.59	5980.9	0.916527
727.453	-1117.97	6005.52	0.916541
722.089	-1104.96	6031.16	0.916551
717.624	-1084.94	6055.62	0.916563
712.849	-1041.09	6079.02	0.916549
702.586	-956.824	6108.18	0.916513
690.056	-868.921	6135.66	0.916472
672.525	-787.872	6164.49	0.916435
656.803	-749.628	6185.45	0.91638
641.878	-740.792	6199.31	0.916338
628.731	-757.759	6205.61	0.916292
614.453	-789.878	6205.68	0.916247
600.292	-819.739	6196.76	0.916216
582.372	-843.215	6185.25	0.916171
560.768	-853.242	6174.02	0.916122
538.079	-849.889	6161.92	0.916073
514.746	-835.306	6150.39	0.916025
488.998	-807.056	6144.9	0.915988
464.108	-776.249	6145.88	0.915949
441.519	-748.708	6151.79	0.915913
422.373	-729.926	6160.43	0.915884
408.213	-720.746	6168.17	0.915856
398.697	-714.573	6181.06	0.91583
393.873	-712.355	6196.53	0.915801
391.311	-709.552	6211.32	0.915778
388.767	-708.802	6225.29	0.915753
385.516	-707.392	6237.76	0.915731
380.956	-710.595	6243.41	0.915709
374.533	-712.656	6244.14	0.915688
365.603	-745.416	6236.4	0.915702
353.709	-795.56	6225.58	0.915728
337.338	-846.173	6219.75	0.915754
317.405	-889.452	6222.94	0.915787
299.519	-912.965	6233.27	0.915814
289.685	-910.725	6248.18	0.915842
287.852	-885.3	6263.65	0.915863
291.733	-844.607	6275.55	0.915883
298.595	-805.06	6278.3	0.915903
305.965	-777.816	6271.41	0.91592
310.722	-763.257	6257.88	0.915939
310.18	-739.703	6245.48	0.915932
302.047	-738.819	6230.76	0.915948
290.014	-757.981	6215.51	0.915969
279.04	-791.729	6203.71	0.915995
265.833	-831.115	6205.46	0.916018
257.523	-861.732	6216.21	0.916041
257.834	-856.831	6234.41	0.916049
267.216	-843.294	6249.98	0.916065
283.979	-838.917	6259.23	0.916098
302.849	-821.914	6264.75	0.91611
319.426	-784.2	6266.33	0.916108
329.844	-730.577	6263.74	0.916094
333.765	-670.634	6258.71	0.916072
330.926	-619.924	6250.63	0.916044
322.762	-586.19	6240.63	0.916015
311.888	-571.69	6230.4	0.915986
300.52	-576.711	6218.37	0.915954
291.279	-595.739	6206.71	0.915921
285.12	-617.649	6198.58	0.91589
282.477	-637.019	6194.69	0.915858
282.451	-646.098	6196.39	0.91583
284.799	-648.785	6201.22	0.915798
288.429	-645.051	6208.28	0.915767
292.358	-636.554	6216.38	0.915737
296.136	-627.967	6223.57	0.915706
299.187	-620.415	6229.29	0.915677
301.459	-616.67	6232.55	0.915646
302.71	-615.475	6233.81	0.915617
303.02	-616.378	6233.33	0.915587
302.44	-617.378	6231.95	0.915559
301.299	-618.154	6230	0.915528
299.935	-618.54	6227.82	0.915497
298.627	-618.534	6225.66	0.915467
297.56	-618.253	6223.72	0.915436
296.683	-616.736	6222.51	0.915406
296.343	-617.005	6221.16	0.915374
296.14	-616.257	6220.64	0.915345
296.045	-614.995	6220.77	0.915315
296.327	-615.963	6220.57	0.915283
296.557	-616.034	6220.97	0.915254
296.987	-617.689	6221.01	0.915222
297.473	-620.03	6220.83	0.915192
297.883	-622.227	6220.57	0.915163
298.128	-623.722	6220.33	0.915133
298.316	-625.419	6219.75	0.915102
294.568	-682.165	6215.91	0.915125
288.209	-766.6	6215.1	0.915152
282.476	-850.728	6220.18	0.915179
281.104	-887.585	6234.18	0.915187
285.954	-870.037	6252.63	0.915179
295.107	-805.778	6271.97	0.915163
306.546	-718.263	6285.9	0.915142
316.85	-634.645	6290.67	0.915116
324.081	-572.17	6288.23	0.915091
325.984	-543.292	6275.61	0.91506
322.352	-544.343	6256.89	0.91503
314.433	-566.98	6236.28	0.914999
303.743	-650.964	6214.2	0.915023
290.613	-756.886	6198.39	0.915042
277.478	-851.989	6195.73	0.915062
268.091	-913.801	6207.2	0.915084
263.965	-939.315	6230.88	0.915105
266.332	-930.94	6262.03	0.91513
273.668	-902.305	6296.1	0.915156
283.749	-868.519	6328.89	0.915182
294.211	-841.792	6357.44	0.91521
303.671	-834.698	6378.55	0.915238
315.901	-830.707	6387.28	0.915262
323.305	-842.798	6389.28	0.915287
327.094	-859.979	6380.7	0.915314
326.809	-872.21	6361.62	0.91534
321.86	-873.703	6337.32	0.915366
312.947	-866.667	6311.04	0.915391
300.905	-837.388	6289.22	0.915401
281.427	-820.252	6278.46	0.915426
260.588	-800.294	6281.32	0.915439
245.342	-765.65	6296.1	0.915436
241.298	-710.838	6317.13	0.915421
250.004	-651.238	6335.53	0.915395
268.898	-597.889	6344.96	0.91537
289.95	-557.437	6346.05	0.915345
306.31	-540.875	6335.2	0.915316
313.005	-545.336	6313.54	0.91529
308.821	-559.343	6287.7	0.915265
295.515	-580.449	6258.28	0.915234
276.769	-597.674	6231.4	0.915205
256.854	-604.227	6211.29	0.915181
240.256	-603.849	6198.1	0.915156
229.516	-645.245	6180.4	0.915173
219.465	-707.484	6172.39	0.915197
207.942	-745.539	6178.96	0.9152
197.595	-739.084	6198.39	0.915182
193.517	-689.706	6224.34	0.915162
197.127	-623.118	6244.71	0.915139
207.581	-558.458	6254.13	0.915119
220.632	-512.131	6251.22	0.915097
231.719	-491.392	6237.29	0.915074
237.228	-493.743	6216.21	0.915053
235.982	-514.654	6191.6	0.915029
227.474	-542.846	6165.98	0.915008
214.442	-569.983	6143.3	0.914982
200.015	-588.078	6126.93	0.914961
187.483	-596.118	6117.54	0.914938
178.768	-592.731	6115.64	0.914917
175.074	-583.361	6119.14	0.914895
176.168	-572.353	6126.08	0.914874
180.977	-564.319	6134.18	0.914851
187.59	-559.493	6142.47	0.914829
194.305	-558.25	6149.87	0.914807
199.83	-559.861	6155.76	0.914786
203.337	-561.895	6160.28	0.914765
204.8	-563.582	6163.26	0.914745
204.907	-566.694	6163.95	0.914722
203.988	-568.782	6163.23	0.9147
202.297	-567.265	6162.24	0.914681
199.402	-562.793	6158.79	0.914662
196.048	-556.2	6153.83	0.914641
193.022	-550.953	6147.49	0.91462
190.332	-545.899	6141.33	0.914598
187.504	-545.063	6132.49	0.914573
184.21	-543.054	6124.05	0.914552
180.708	-539.734	6117.13	0.91453
177.6	-537.609	6111.67	0.914507
175.08	-535.923	6108.35	0.914485
172.395	-534.409	6104.89	0.914461
169.82	-531.227	6102.43	0.914439
167.699	-526.64	6101.25	0.914418
166.134	-528.286	6096.59	0.914391
165.135	-533.947	6089.85	0.914363
163.867	-536.551	6083.98	0.914337
162.567	-538.545	6078.69	0.914309
161.21	-539.63	6074.48	0.914281
159.998	-540.953	6071.22	0.914252
159.12	-543.263	6068.76	0.914221
159.906	-544.993	6065.33	0.914189
161.3	-544.736	6061.86	0.914157
162.209	-540.936	6059.37	0.914128
163.3	-536.384	6059.82	0.914098
163.817	-529.304	6063.53	0.914073
165.142	-524.2	6070.93	0.914046
167.083	-520.843	6080.75	0.91402
170.189	-524.047	6089.89	0.91399
173.792	-528.801	6098.54	0.913962
178.62	-535.091	6107.81	0.913933
183.879	-541.813	6116.43	0.913905
188.977	-549.139	6123.02	0.913872
194.145	-555.485	6129.63	0.913842
199.496	-560.042	6137.85	0.913814
206.378	-560.916	6147.11	0.913788
209.491	-593.729	6159.91	0.913794
211.344	-641.682	6178.74	0.913802
213.244	-672.735	6205.69	0.91379
219.827	-676.927	6237.08	0.913774
230.516	-662.529	6267.21	0.913759
243.682	-640.333	6291.2	0.913743
254.426	-617.962	6306.29	0.913728
260.839	-602.522	6308.71	0.913711
260.768	-605.117	6301.42	0.913706
258.555	-624.449	6286.35	0.913706
253.899	-628.257	6268.44	0.913685
243.17	-647.018	6251.68	0.913688
228.135	-655.993	6244.32	0.913666
215.571	-652.36	6246.88	0.91363
209.03	-634.447	6256.66	0.913592
209.639	-610.77	6265.59	0.913549
215.412	-585.778	6272.9	0.913508
224.693	-566.047	6279.65	0.913466
235.516	-552.426	6283.36	0.913426
245.285	-551.338	6282.24	0.913384
251.103	-555.086	6279.11	0.913347
252.556	-563.602	6274.13	0.913305
250.299	-574.413	6268.24	0.913261
245.364	-581.729	6263.46	0.913218
241.017	-584.956	6257.88	0.913173
238.018	-585.453	6251.81	0.91313
236.369	-583.863	6245.88	0.913084
236.207	-585.739	6238.98	0.913038
236.302	-586.314	6233.29	0.912989
236.5	-589.25	6227.97	0.912941
236.208	-592.04	6224.05	0.912896
234.002	-594.792	6223.75	0.912848
230.741	-594.617	6227.31	0.912804
226.517	-593.16	6235.55	0.912757
222.463	-591.579	6244.12	0.912713
220.211	-589.115	6252.39	0.912664
220.397	-585.42	6259.81	0.912618
220.748	-583.969	6264.57	0.912567
221.406	-583.261	6267.05	0.912521
222.599	-585.418	6266.6	0.912474
223.76	-587.862	6264.3	0.912428
224.194	-587.565	6261.55	0.912382
223.911	-586.473	6258.19	0.912335
222.947	-585.095	6254.59	0.912288
221.495	-583.89	6251.09	0.912242
219.706	-582.029	6248.36	0.912196
217.701	-577.98	6247.22	0.91215
216.241	-575.72	6246.5	0.912104
215.544	-575.389	6246.15	0.912056
215.333	-574.315	6246.93	0.912008
215.72	-574.128	6248.08	0.911961
216.415	-573.512	6249.76	0.911912
217.149	-571.616	6252.02	0.911865
217.75	-568.153	6254.74	0.91182
218.157	-563.326	6257.75	0.911775
218.791	-561.018	6259.64	0.911728
218.29	-558.113	6258.99	0.911686
217.211	-556.573	6255.8	0.911645
215.817	-556.384	6250.84	0.911601
214.502	-559.462	6244.2	0.911558
212.91	-561.85	6237.84	0.911514
212.259	-565.007	6234.25	0.911472
212.196	-567.997	6233.4	0.911432
212.515	-570.156	6234.95	0.911392
212.758	-567.826	6239.44	0.91135
213.304	-564.004	6245.24	0.91131
214.217	-558.974	6251.65	0.911269
215.489	-553.236	6258.03	0.911227
217.14	-548.43	6263.47	0.911187
218.909	-544.377	6267.77	0.911146
220.748	-542.995	6270.16	0.911104
222.227	-542.712	6271.11	0.911063
223.148	-543.242	6270.79	0.911022
223.424	-544.176	6269.47	0.910981
222.054	-544.394	6265.28	0.91094
219.724	-545.08	6258.79	0.9109
216.896	-545.896	6251.13	0.91086
213.81	-545.494	6243.71	0.910819
210.7	-543.261	6237.59	0.910778
208.078	-541.516	6232.66	0.91074
206.029	-539.565	6229.52	0.910699
204.712	-538.078	6228.1	0.910659
204.175	-537.398	6228.16	0.910619
204.233	-536.416	6229.78	0.910578
204.826	-535.503	6232.43	0.910536
205.716	-533.76	6235.95	0.910496
205.615	-533.717	6241.32	0.910455
205.115	-533.78	6248.06	0.910415
205.119	-534.972	6254.85	0.910374
206.163	-537.689	6260.64	0.910334
208.031	-539.557	6265.52	0.910295
210.254	-539.084	6269.52	0.910258
212.44	-536.952	6272.24	0.910218
214.341	-535.22	6273.06	0.910179
215.855	-536.408	6271.4	0.910143
213.953	-537.109	6268.55	0.910104
209.662	-534.971	6265.82	0.910065
203.384	-533.196	6264.94	0.910025
197.464	-533.31	6265.3	0.909986
191.992	-534.38	6269.13	0.909949
187.348	-532.92	6274.06	0.909911
184.944	-529.945	6279.27	0.909874
185.339	-527.72	6283.61	0.909835
187.995	-526.557	6286.68	0.909797
191.683	-525.286	6288.71	0.909759
195.144	-523.106	6289.94	0.90972
197.714	-521.93	6289.84	0.909683
198.946	-521.752	6288.62	0.909648
198.813	-522.328	6286.61	0.909611
197.743	-524.413	6283.8	0.909572
196.123	-527.031	6280.74	0.909533
194.494	-530.477	6277.52	0.909493
193.103	-533.611	6274.63	0.909456
192.08	-535.709	6272.4	0.909418
191.327	-535.402	6271.33	0.90938
190.889	-533.463	6271.21	0.909341
190.782	-530.88	6271.72	0.909302
191.108	-529.657	6272.16	0.909263
191.711	-529.743	6272.48	0.909223
192.393	-530.74	6272.68	0.909185
192.986	-532.124	6272.8	0.909148
193.52	-534.536	6272.48	0.909109
193.88	-537.032	6271.93	0.90907
194.005	-538.908	6271.31	0.909032
194.038	-540.952	6270.32	0.908992
193.953	-542.557	6269.19	0.908952
194.006	-545.66	6267.31	0.908912
193.142	-549.402	6262.55	0.908873
191.571	-552.55	6256.07	0.908832
188.707	-555.935	6245.96	0.908791
185.277	-560.801	6233.29	0.908747
182.683	-567.322	6221.91	0.908703
182.096	-573.835	6210.64	0.908657
183.414	-575.714	6199.59	0.908613
184.896	-573.86	6189.7	0.908567
185.429	-571.065	6181.17	0.908522
186.461	-573.347	6170.59	0.908478
186.576	-576.52	6160.42	0.908431
184.992	-577.358	6152.53	0.908385
182.143	-577.536	6146.92	0.908337
181.126	-577.293	6143.93	0.908289
181.598	-578.042	6142.95	0.908243
182.95	-579.396	6143.72	0.908194
184.242	-577.533	6146.99	0.908146
187.729	-573.869	6151.91	0.908098
192.311	-571.022	6157.01	0.908049
196.549	-567.273	6162.31	0.908003
199.764	-563.833	6166.99	0.907956
202.097	-564.797	6169.37	0.907913
203.153	-566.389	6170.53	0.907866
203.255	-569.048	6170.23	0.907819
202.673	-571.7	6168.88	0.907773
201.701	-573.59	6166.9	0.907726
200.725	-575.503	6164.24	0.907681
199.594	-574.677	6162.12	0.907636
199.988	-572.499	6158.14	0.907587
201.204	-571.009	6152.51	0.907542
203.755	-570.83	6143.66	0.907493
204.44	-571.266	6135.47	0.907445
202.963	-572.129	6128.69	0.907399
199.953	-574.277	6123.46	0.907355
196.304	-576.864	6120.19	0.907308
192.983	-579.14	6118.97	0.907261
190.614	-579.516	6120	0.907216
189.547	-577.356	6123.06	0.907166
189.799	-572.85	6127.63	0.907118
191.251	-567.846	6132.66	0.907073
193.539	-563.795	6137.27	0.907027
195.076	-564.43	6142.11	0.906977
196.194	-569.357	6146.39	0.906928
196.854	-573.777	6150.8	0.906879
197.257	-575.457	6155.36	0.906831
197.728	-574.623	6159.48	0.906784
198.578	-573.225	6162.28	0.906735
198.549	-569.872	6161.79	0.906687
197.886	-565.872	6158.46	0.906639
196.84	-563.509	6152.59	0.906595
195.529	-564.063	6144.85	0.90655
193.85	-566.597	6136.49	0.906505
192.288	-574.392	6127.15	0.906461
191.917	-586.916	6119.87	0.906411
192.407	-602.939	6114.48	0.906364
191.708	-617.98	6113.83	0.906318
189.821	-623.907	6119.1	0.906273
186.626	-622.467	6130.51	0.906226
184.185	-616.13	6145.42	0.90618
184.301	-610.105	6160.48	0.906135
186.926	-606.125	6178.34	0.90609
191.98	-604.636	6196.51	0.906047
199.049	-607.432	6212.25	0.906009
205.685	-614.249	6226.11	0.90597
209.718	-620.501	6240.03	0.905931
211.362	-620.084	6254.27	0.905888
213.495	-616.263	6264.31	0.905845
215.932	-608.497	6270.33	0.905799
218.496	-600.836	6271.59	0.905755
219.331	-596.975	6270.1	0.905711
220.109	-597.234	6264.1	0.905667
220.261	-600.331	6255.13	0.905622
219.315	-604.641	6244.84	0.905578
217.239	-609.83	6234.32	0.905534
214.048	-613.205	6225.32	0.90549
210.264	-614.455	6218.55	0.905445
206.58	-613.932	6214.29	0.9054
203.774	-613.476	6212.06	0.905356
202.335	-614.382	6211.31	0.905314
200.628	-614.581	6214.67	0.905271
199.184	-612.07	6221.76	0.905227
198.575	-606.072	6231.74	0.905179
200.665	-597.279	6241.05	0.905131
204.805	-588.697	6248.37	0.905083
209.84	-582.446	6252.93	0.905035
214.508	-579.455	6254.52	0.904987
217.661	-578.421	6253.85	0.90494
220.47	-580.537	6248.61	0.904891
221.807	-583.16	6240.67	0.904842
221.986	-580.186	6230.97	0.904797
220.536	-573.968	6220.49	0.904748
217.492	-567.135	6210.11	0.9047
212.025	-558.816	6199.21	0.904654
205.481	-551.732	6188.72	0.904608
198.142	-546.845	6177.3	0.904559
192.779	-544.204	6164.26	0.90451
189.237	-542.877	6151.65	0.904463
187.039	-543.027	6140.7	0.904415
185.72	-545.519	6131.91	0.904366
185.005	-551.44	6125.2	0.904317
183.04	-554.308	6120.12	0.904269
180.089	-552.04	6117.65	0.904221
176.006	-546.037	6115.13	0.90417
171.901	-537.834	6112.9	0.904121
169.941	-528.44	6109.19	0.904073
169.758	-520.728	6104.24	0.904025
170.639	-517.472	6098.19	0.903978
171.618	-518.398	6091.86	0.903926
171.831	-521.057	6086.47	0.903878
170.034	-523.61	6080.38	0.903832
167	-526.541	6074.08	0.903782
163.246	-526.775	6069.15	0.903733
159.511	-523.953	6066.19	0.903687
156.575	-519.771	6064.94	0.903641
156.255	-515.084	6063.04	0.903594
157.756	-511.313	6060.57	0.903548
159.71	-507.046	6058.49	0.903502
161.269	-503.629	6056.71	0.903456
162.095	-502.892	6054.87	0.903414
162.056	-504.326	6053.2	0.903369
160.163	-505.133	6050.19	0.903327
157.269	-505.23	6046.41	0.903286
154.457	-506.971	6041.66	0.903249
151.775	-506.142	6037.88	0.903209
150.584	-499.707	6034.34	0.903167
150.627	-492.119	6030.52	0.903127
151.232	-485.816	6026.53	0.903089
151.631	-481.136	6022.99	0.90305
151.629	-480.08	6019.67	0.903012
150.706	-478.703	6018.1	0.902973
149.393	-478.636	6017.67	0.902933
148.149	-479.565	6018.25	0.902892
148.568	-479.144	6018.04	0.90285
150.192	-478.931	6016.73	0.90281
152.157	-478.927	6014.6	0.902767
153.67	-479.078	6011.99	0.902727
153.105	-477.502	6007.51	0.902687
150.762	-473.992	6002.22	0.902647
147.387	-470.062	5996.66	0.902609
142.529	-464.041	5989.96	0.902571
136.656	-459.664	5979.86	0.902532
129.958	-456.978	5965.9	0.902494
123.668	-457.428	5949.95	0.902454
118.415	-461.303	5933.92	0.902414
115.363	-468.651	5921.66	0.902374
114.953	-473.891	5912.98	0.902334
115.634	-474.234	5908.97	0.902294
116.63	-472.271	5908.62	0.902253
117.478	-469.306	5911.07	0.902214
115.443	-463.203	5916.25	0.902176
111.62	-459.067	5919.56	0.902137
108.511	-462.803	5919.12	0.902098
106.522	-467.784	5917.17	0.902056
104.492	-472.958	5916.34	0.902015
101.777	-478.67	5918.27	0.901975
98.3051	-485.021	5924.03	0.901939
93.2668	-489.01	5932.69	0.901904
86.8784	-490.132	5942.67	0.901867
79.3574	-485.444	5953.52	0.901828
72.3277	-476.122	5966.33	0.901797
65.1332	-464.071	5976.95	0.90176
57.77	-455.656	5980.77	0.901719
51.367	-459.496	5975.83	0.90168
44.8781	-470.912	5964.6	0.90164
37.0986	-484.582	5949.94	0.901603
26.4451	-489.565	5936.7	0.901566
14.9922	-492.143	5926.59	0.901531
4.80981	-498.658	5920.39	0.901495
-3.1855	-508.213	5920.06	0.901455
-7.29889	-522.191	5928	0.901419
-6.93421	-539.296	5945.74	0.901385
-0.886611	-557.011	5971.52	0.901349
10.7915	-574.315	6002.57	0.901317
26.3573	-589.733	6040.82	0.901284
45.0736	-599.868	6085.82	0.90125
66.3802	-607.95	6134.72	0.901217
90.3159	-610.652	6184.88	0.901185
114.413	-612.28	6231.65	0.901156
137.856	-618.018	6273.45	0.901128
159.433	-624.05	6312.26	0.901098
178.904	-627.223	6345.45	0.901071
195.358	-631.082	6371.58	0.901043
209.316	-631.791	6390.37	0.901018
221.837	-632.985	6399.99	0.900989
233.038	-632.76	6401.63	0.900957
241.419	-627.182	6395.58	0.900924
247.732	-621.215	6382.64	0.900888
252.083	-614.193	6365.96	0.900851
255.028	-608.309	6347.71	0.900813
257.521	-607.231	6329.14	0.900772
258.839	-612.037	6314.11	0.900733
257.466	-617.88	6304.7	0.900693
253.91	-624.275	6300.68	0.900655
249.392	-629.488	6301.77	0.900619
245.625	-633.635	6306.69	0.900584
243.949	-637.034	6313.98	0.90055
244.96	-640.103	6322.17	0.900516
248.272	-642.103	6330.31	0.900479
253.153	-643.9	6337.16	0.90044
258.223	-643.898	6342.58	0.900401
263.7	-644.375	6347.99	0.900358
277.33	-668.095	6336.5	0.900342
302.849	-703.776	6297.31	0.900329
327.657	-742.54	6238.65	0.900319
341.046	-776.983	6169.4	0.900312
335.776	-801.287	6100.95	0.900305
313.019	-811.283	6041.39	0.900308
278.675	-812.223	5992.48	0.900308
237.368	-806.617	5964.9	0.90031
200.496	-794.103	5954.89	0.900321
175.283	-783.661	5956.87	0.900336
166.141	-789.382	5964.84	0.900343
169.15	-797.466	5979.41	0.900354
179.964	-806.905	5999.4	0.900364
192.121	-804.753	6024.56	0.90037
198.684	-785.738	6059.97	0.900378
202.294	-760.822	6101.14	0.900389
206.409	-740.404	6143.59	0.900401
214.219	-734.98	6182.53	0.900418
225.763	-746.463	6217.77	0.900437
241.641	-768.65	6244.48	0.900454
260.066	-795.396	6263.79	0.900472
276.253	-786.76	6282.34	0.900457
285.635	-797.09	6293.06	0.900483
288.468	-776.401	6303.12	0.900468
285.972	-770.092	6302.8	0.900489
276.334	-747.371	6299.84	0.900479
261.515	-713.656	6290.45	0.900467
243.878	-685.824	6275.2	0.900449
224.518	-670.244	6257.79	0.900439
204.1	-667.333	6242.64	0.900432
183.173	-677.871	6229.88	0.900426
164.836	-704.471	6215.36	0.90043
145.383	-735.483	6205.17	0.900436
127.077	-762.36	6200.7	0.900443
109.107	-780.726	6206.43	0.90045
93.9638	-794.324	6220	0.900461
82.8964	-796.537	6240.54	0.900467
76.8134	-788.853	6264.44	0.900474
75.4374	-777.102	6287.23	0.900484
77.7665	-760.263	6305.61	0.90049
78.2156	-764.53	6304.52	0.900477
75.9459	-781.186	6291.62	0.900467
70.5953	-794.721	6272.08	0.90045
61.1754	-800.912	6249.89	0.900436
47.7354	-799.912	6227.68	0.900419
30.1209	-794.225	6204.76	0.900395
12.2111	-791.041	6191.34	0.900402
-3.31194	-792.968	6188.79	0.900408
-12.9779	-798.713	6195.72	0.900421
-17.9553	-816.342	6211.17	0.900441
-16.4273	-838.217	6233.01	0.900461
-8.57419	-859.694	6257.9	0.900478
3.71961	-873.89	6283.54	0.900497
16.1183	-878.278	6309.38	0.900517
25.5955	-880.688	6332.74	0.90054
32.5099	-888	6349.75	0.900568
36.0236	-894.975	6358.06	0.900599
37.4	-904.289	6357.32	0.900631
34.2075	-894.94	6353.76	0.900644
27.1712	-877.486	6349.25	0.900663
17.236	-857.173	6346.85	0.900684
10.6213	-844.182	6343.71	0.900707
6.28967	-831.717	6342.26	0.900726
5.63414	-825.395	6341.75	0.900748
7.01175	-828.494	6343.26	0.900775
9.01103	-840.235	6350.26	0.900803
9.36825	-856.172	6363.2	0.900831
6.18429	-873.799	6383.7	0.900862
2.56754	-889.094	6408.92	0.900894
4.05491	-897.033	6432.36	0.900928
10.8798	-898.826	6451.66	0.900963
21.8526	-875.455	6464.96	0.90098
35.8553	-828.19	6469.81	0.900987
50.9407	-760.156	6467.99	0.900982
64.0649	-681.755	6457.51	0.900967
71.2112	-608.42	6437.74	0.900945
63.3212	-606.696	6406.07	0.900975
43.8941	-660.558	6367.06	0.901006
22.233	-741.503	6331.29	0.901035
7.32328	-825.174	6306.11	0.901062
4.49809	-889.55	6297.37	0.901093
15.9966	-909.45	6310.43	0.901109
36.0788	-880.867	6342.04	0.901112
55.7215	-812.85	6384.37	0.901108
66.943	-724.03	6426.33	0.901093
65.3258	-633.569	6455.55	0.901071
51.9255	-562.482	6465.35	0.901047
32.6943	-525.325	6452.75	0.901022
15.7351	-522.397	6422.13	0.900999
6.50972	-546.069	6381.56	0.900975
4.62115	-582.623	6338.88	0.90095
7.25632	-618.295	6303.39	0.900925
8.697	-643.605	6278.22	0.900899
6.26919	-655.157	6265.02	0.900874
-0.298689	-652.764	6263.02	0.900849
-8.36867	-640.761	6269.1	0.900822
-13.9081	-625.718	6279.45	0.900796
-15.629	-613.339	6293.41	0.900771
-11.4398	-608.397	6307.82	0.900745
-4.8528	-610.608	6323.44	0.900718
2.65264	-618.862	6338.31	0.900693
8.67406	-629.5	6351.22	0.900665
10.1257	-635.464	6362.11	0.900641
9.09426	-636.885	6370.19	0.900615
6.90402	-632.878	6375.56	0.900591
5.61803	-625.626	6378.42	0.900567
6.90669	-650.284	6386.4	0.900569
3.68719	-677.979	6394.14	0.90056
-2.62277	-713.108	6403.5	0.90056
-9.70635	-729.144	6412.63	0.900552
-13.7756	-743.931	6421.87	0.900554
-11.6746	-738.203	6429.75	0.900545
-3.28646	-713.94	6434.59	0.900529
6.26613	-676.046	6437.05	0.90051
10.0331	-638.118	6437.41	0.900488
5.37767	-606.737	6436.91	0.900465
-7.72969	-591.114	6436.24	0.900444
-24.2082	-594.841	6436.05	0.900423
-34.0857	-614.498	6435.01	0.900403
-31.1443	-640.067	6433.71	0.900381
-14.8421	-660.164	6432.25	0.900358
9.03248	-665.941	6430.52	0.900335
30.7597	-654.524	6428.48	0.90031
40.8852	-631.314	6425.88	0.900287
34.791	-609.638	6421.46	0.900265
17.1086	-597.353	6415.56	0.900246
-3.6372	-598.525	6408.25	0.900225
-19.3684	-609.733	6400.54	0.900205
-26.6814	-621.999	6394.7	0.900184
-27.8502	-629.167	6389.98	0.900164
-24.7166	-631.739	6386.44	0.900144
-19.594	-628.615	6387.56	0.900123
-12.8355	-625.741	6390.83	0.900102
-7.02899	-623.791	6396.15	0.900083
-2.99487	-623.798	6402.57	0.900063
-1.11672	-625.449	6409.4	0.900044
-3.80072	-629.175	6416.34	0.900025
-9.56766	-631.758	6423.02	0.900005
-16.876	-629.787	6429.53	0.899987
-22.0066	-622.809	6434.03	0.899969
-21.2902	-613.796	6433.75	0.899949
-14.2908	-607.467	6427.34	0.899929
-4.7493	-607.187	6416.72	0.899908
2.46377	-613.612	6405.35	0.899888
3.96007	-624.092	6396.82	0.899867
1.53921	-635.958	6394.3	0.899845
-3.48626	-643.825	6398.9	0.899825
-11.5902	-676.413	6398.4	0.899828
-14.6758	-704.625	6401.12	0.899819
-13.5597	-735.727	6401.22	0.899822
-9.39711	-761.796	6405.76	0.899829
-1.3582	-774.555	6415.27	0.899833
4.34477	-781.099	6425.11	0.899843
7.92286	-779.567	6434.46	0.899852
8.1065	-772.706	6441.85	0.899859
1.07526	-764.456	6445.93	0.899869
0.591333	-748.276	6443.4	0.899869
8.49518	-720.787	6433.2	0.899859
17.214	-684.53	6415.29	0.899844
21.0165	-642.32	6390.71	0.899823
13.4667	-605.221	6362.22	0.899796
-4.61574	-586.659	6334.13	0.899766
-44.1903	-643.342	6315.76	0.899774
-76.7224	-736.219	6319.15	0.899785
-87.0286	-826.923	6344.5	0.899798
-75.8833	-883.151	6383.55	0.899807
-50.9906	-901.891	6424.54	0.899815
-21.3216	-892.161	6457.63	0.899824
4.62313	-864.052	6476.89	0.899834
21.2914	-842.637	6484.18	0.899851
33.2992	-840.7	6480.11	0.899872
36.2034	-852.049	6464.95	0.899892
27.5612	-850.111	6436	0.899903
7.0184	-846.598	6405.99	0.899921
-18.3457	-822.763	6379.5	0.899924
-40.9692	-772.676	6360.14	0.899922
-43.0595	-778.571	6363.94	0.89996
-37.5372	-828.846	6383.76	0.900003
-26.8585	-878.977	6405.76	0.900034
-17.2705	-911.412	6428.97	0.90006
-12.383	-926.645	6455.56	0.900089
-13.0351	-946.084	6484.47	0.900131
-17.6216	-969.484	6515.87	0.900177
-19.795	-991.075	6546.79	0.900223
-18.5206	-1005.7	6578.22	0.900271
-12.7655	-1012.66	6606.6	0.900318
-0.599207	-1000.61	6631.14	0.900359
16.5053	-966.372	6646.13	0.900391
33.6684	-909.876	6648.27	0.90041
42.9521	-842.735	6632.73	0.900423
42.3383	-772.741	6598.8	0.900426
32.1554	-714.866	6540.75	0.900421
19.4677	-672.807	6462.41	0.90041
9.85268	-648.941	6370.54	0.900394
-32.374	-741.41	6278.17	0.900441
-61.289	-889.293	6216.06	0.900487
-46.0974	-992.198	6205.71	0.900512
-19.1504	-1050.53	6264.53	0.900545
-4.55487	-1068.29	6379.29	0.900585
-10.1819	-1057.72	6521.41	0.90063
-26.205	-1032.89	6656.03	0.900676
-35.4592	-994.709	6761.79	0.900719
-27.8579	-958.632	6828.48	0.900759
-3.82501	-930.816	6858.05	0.900799
30.4165	-918.524	6851.77	0.900835
65.0104	-914.826	6817.18	0.900866
86.1562	-917.775	6761.77	0.900896
85.7548	-900.087	6688.86	0.900915
71.4496	-876.067	6607.93	0.900935
50.4125	-873.88	6532.94	0.900963
22.6269	-876.335	6476.83	0.900987
-2.57108	-877.762	6445.74	0.901011
-17.0638	-873.733	6437.04	0.901031
-20.3919	-883.206	6451.15	0.901056
-10.1599	-892.865	6476.48	0.901075
1.48172	-907.304	6510.61	0.9011
3.90785	-936.617	6555.44	0.901132
4.84682	-972.09	6605.18	0.901169
10.7071	-1004.51	6653.92	0.901205
23.6791	-1025.18	6695.55	0.901242
42.8622	-1013.86	6722.23	0.901269
63.2316	-978.398	6731.54	0.901292
91.9188	-927.359	6719.77	0.901306
109.793	-879.18	6688.01	0.901319
103.715	-846.546	6643.52	0.901333
45.2124	-862.659	6612.27	0.901369
-24.1997	-924.517	6609.06	0.90141
-65.4705	-1008.92	6640.71	0.901457
-63.3341	-1086.94	6699.7	0.901504
-22.3495	-1138.97	6770.71	0.901555
39.394	-1151.37	6838.11	0.901601
97.5833	-1129.71	6889.61	0.901647
127.139	-1088.8	6923.97	0.901693
122.628	-1052.55	6942.68	0.90174
94.8829	-1036.95	6949.75	0.90179
63.1895	-1047.17	6947.71	0.901843
40.5543	-1075.07	6941.53	0.901896
31.5586	-1101.39	6937.46	0.901947
46.3637	-1102.34	6925.06	0.901991
76.7903	-1064.86	6898.98	0.902029
111.87	-969.388	6855.66	0.902041
135.159	-855.845	6792.31	0.902045
142.891	-763.929	6704.82	0.902046
133.559	-731.716	6575.59	0.902039
109.27	-746.911	6432.19	0.902026
79.3605	-791.32	6298.78	0.902007
43.3073	-825.925	6207.34	0.901985
9.19813	-843.535	6162.06	0.901965
-9.76798	-848.227	6149.78	0.901944
-14.4727	-842.44	6163.19	0.901923
-8.98934	-831.163	6193	0.901907
0.512213	-823.426	6224.51	0.901894
13.3569	-814.487	6263.31	0.90189
34.1812	-855.363	6272.93	0.901882
50.3543	-894.638	6293.74	0.901887
58.3671	-906.977	6330.82	0.901895
56.7754	-913.395	6350.16	0.901889
54.1763	-910.405	6350.6	0.901876
57.474	-873.286	6345.27	0.901868
68.6213	-824.053	6330.05	0.901864
83.0359	-786.309	6300.47	0.901863
97.364	-777.877	6258.36	0.90186
104.2	-786.211	6214.47	0.901861
103.527	-796.745	6175.02	0.901856
98.7058	-806.164	6139.23	0.901849
91.1379	-800.882	6113.87	0.90183
83.0369	-787.987	6094.52	0.901813
76.3123	-778.013	6081.99	0.901795
74.3634	-775.81	6074.53	0.901773
74.1469	-775.307	6072.11	0.901754
74.0005	-772.551	6074.1	0.901737
75.4117	-770.927	6082.54	0.90172
76.8384	-762.342	6095.51	0.90171
77.8297	-743.372	6111.62	0.901704
82.2551	-738.099	6128.94	0.901686
82.4827	-722.869	6143.9	0.901681
83.9724	-719.663	6156.47	0.901666
83.4317	-717.811	6167.54	0.901654
82.3534	-715.75	6173.9	0.901644
78.2183	-711.91	6175.12	0.901634
70.7185	-709.699	6171.84	0.901628
61.9411	-703.51	6164.23	0.901619
51.0004	-694.9	6154.23	0.90161
36.2594	-689.726	6145.23	0.901605
20.7201	-687.28	6138.89	0.901597
8.35327	-693.077	6134.46	0.901592
-2.78239	-694.722	6134.02	0.901583
-10.2735	-700.436	6134.67	0.901582
-12.202	-723.159	6130.95	0.901587
-19.1561	-743.27	6130.11	0.901592
-30.3341	-754.178	6133.09	0.901599
-44.4917	-747.513	6142.15	0.901595
-56.8528	-748.831	6142.79	0.901585
-68.453	-756.264	6139.22	0.901575
-77.7336	-745.408	6134.28	0.901549
-80.8831	-740.339	6118.94	0.901516
-86.5499	-726.658	6108.49	0.90149
-86.3509	-736.771	6090.15	0.901461
-96.3766	-734.359	6081.03	0.901415
-118.449	-735.953	6075.77	0.901393
-144.006	-737.67	6077.14	0.901381
-169.284	-740.093	6084.9	0.901376
-184.749	-748.387	6091.32	0.901357
-190.318	-755.748	6095.26	0.901328
-189.533	-782.7	6085.62	0.901286
-187.133	-844.247	6062.14	0.901252
-194.538	-918.925	6042.9	0.901211
-213.506	-1003.58	6036.17	0.901171
-245.761	-1038.18	6079.53	0.901159
-269.577	-1020.32	6146.56	0.901151
-272.471	-978.413	6211.36	0.901143
-262.897	-911.472	6269.09	0.901118
-240.419	-865.631	6298.54	0.901093
-216.059	-872.908	6294.15	0.901056
-205.189	-935.893	6269.5	0.901016
-212.668	-1050.23	6247.46	0.901024
-235.282	-1148.77	6245.27	0.901048
-262.394	-1222.79	6242.62	0.901058
-282.116	-1251.89	6243.47	0.901062
-279.349	-1239.58	6237.52	0.90106
-263.591	-1202.4	6218.85	0.901057
-253.235	-1157.94	6194.42	0.901059
-251.584	-1123.81	6166.82	0.901063
-260.659	-1111.67	6138.51	0.901067
-276.231	-1105.95	6128.36	0.901083
-295.293	-1088.31	6144.17	0.901115
-311.64	-1056.1	6185.06	0.901161
-313.538	-1025.86	6245.6	0.901212
-302.451	-1009.71	6316.26	0.901262
-283.618	-1013.2	6387.28	0.901313
-255.414	-1113.76	6410.02	0.901308
-240.12	-1221.14	6393.08	0.901306
-246.717	-1292.9	6345.99	0.901301
-273.575	-1282.87	6302.89	0.901318
-306.184	-1209.32	6281.67	0.901348
-318.744	-1107.76	6277.91	0.901391
-312.756	-1018.32	6289.82	0.901442
-296.755	-972.089	6313.79	0.901491
-278.692	-974.194	6341.66	0.901546
-274.962	-1031.75	6377.63	0.901618
-280.378	-1104.51	6420.73	0.90169
-282.213	-1171.22	6463.94	0.901769
-281.409	-1203.06	6507.99	0.901843
-278.693	-1200.17	6551.1	0.901912
-267.061	-1164.73	6582.82	0.90197
-249.235	-1125.72	6595.68	0.902035
-230.486	-1089.26	6586.61	0.90209
-217.345	-1063.31	6557.11	0.902147
-215.228	-1051.34	6514.27	0.902204
-227.854	-1054.25	6471.26	0.902263
-246.892	-1066.78	6434.14	0.902321
-266.006	-1077.16	6409.59	0.902383
-277.151	-1089.74	6395.21	0.902449
-281.028	-1099.08	6392.09	0.902514
-278.035	-1102.33	6396.23	0.902582
-274.26	-1094.11	6408.71	0.902642
-269.909	-1082.65	6423.99	0.902703
-265.754	-1072.29	6438.77	0.902762
-259.99	-1065.84	6447.79	0.902822
-254.542	-1065.69	6450.45	0.90288
-250.816	-1072.46	6447.2	0.902938
-251.107	-1078.75	6442.14	0.902999
-250.342	-1088.11	6431.27	0.903061
-253.585	-1084.96	6423.1	0.903118
-257.911	-1073.92	6417.1	0.903174
-257.958	-1063.46	6408.47	0.903228
-256.328	-1055.3	6398.94	0.903285
-255.085	-1051.35	6389.61	0.903341
-252.977	-1052.21	6378.64	0.903396
-254.493	-1048.16	6370.82	0.903446
-255.493	-1042.23	6363.34	0.903497
-255.331	-1031.44	6355.88	0.903547
-251.896	-1017.05	6350.26	0.903593
-247.106	-1009.45	6344.61	0.903641
-243.904	-1010.24	6339.06	0.903689
-241.796	-1014.85	6332.42	0.903734
-240.51	-1017.11	6324.31	0.903782
-239.8	-1015.97	6319.27	0.903825
-240.037	-1003.81	6316.98	0.90387
-236.344	-989.12	6317.06	0.903908
-230.116	-974.55	6316.62	0.903955
-222.645	-958.857	6317.18	0.903994
-212.31	-952.68	6317.13	0.90403
-204.787	-930.569	6319.92	0.904058
-196.657	-897.547	6323.72	0.904074
-187.15	-866.368	6327.71	0.904096
-177.845	-860.633	6332.42	0.90412
-168.805	-869.341	6333.26	0.904143
-163.787	-881.478	6334.78	0.904163
-155.66	-907.401	6333.67	0.904198
-147.892	-923.872	6328.66	0.904227
-141.546	-914.8	6322.73	0.904243
-138.195	-893.653	6315.17	0.904257
-134.913	-878.082	6307.34	0.904266
-129.875	-876.511	6295.66	0.904272
-127.043	-867.789	6282.43	0.904264
-124.237	-860.792	6265.21	0.904254
-124.065	-843.281	6251.48	0.90423
-121.422	-833.04	6235.64	0.904207
-119.881	-822.904	6219.88	0.904185
-110.783	-839.497	6197.73	0.904178
-108.961	-845.58	6180.69	0.904169
-109.46	-843.677	6169.69	0.90416
-108.814	-854.111	6154.99	0.904153
-110.605	-867.035	6141.42	0.904143
-119.294	-860.931	6137.91	0.904121
-121.393	-843.548	6138.98	0.9041
-102.442	-863.937	6120.21	0.904103
-80.2684	-894.899	6092.43	0.904108
-73.1457	-913.964	6067.55	0.904113
-73.3321	-919.219	6040.15	0.904118
-76.812	-916.34	6010.05	0.904122
-81.4814	-906.886	5979.37	0.904129
-84.5546	-897.972	5948.05	0.904134
-85.4108	-895.055	5916.33	0.904139
-88.0247	-897.814	5888.78	0.904145
-93.3836	-902.299	5863.7	0.90415
-99.2277	-903.415	5842.92	0.904156
-110.501	-889.537	5835.79	0.904157
-117.917	-873.973	5831.86	0.904167
-119.359	-869.874	5824.61	0.904172
-118.242	-873.571	5816.61	0.904175
-123.213	-874.264	5811.85	0.904176
-130.469	-866.672	5806.87	0.904181
-134.186	-866.958	5795.39	0.904186
-141.277	-865.387	5782.76	0.904187
-151.064	-857.363	5770	0.904187
-162.112	-848.919	5757.98	0.904189
-170.677	-844.889	5744.77	0.904193
-181.07	-837.667	5734.57	0.904197
-191.488	-824.506	5727.1	0.904193
-201.086	-812.031	5722.13	0.90419
-210.715	-806.054	5715.94	0.904186
-221.081	-808.509	5706.11	0.904185
-231.394	-817.707	5694.5	0.904181
-242.622	-826.353	5684.03	0.904177
-258.162	-839.43	5676.01	0.904177
-272.524	-846.033	5670.77	0.904179
-287.237	-841.816	5672.2	0.904185
-296.242	-832.941	5667.38	0.90419
-308.356	-807.838	5664.76	0.904188
-315.541	-786.116	5659.03	0.904184
-321.558	-757.611	5647.76	0.904181
-325.773	-737.717	5634.21	0.904175
-331.416	-723.171	5619.77	0.904175
-340.571	-701.172	5611.57	0.904172
-346.596	-695.221	5598.75	0.904181
-354.695	-696.722	5585.91	0.904179
-360.979	-715.111	5565.75	0.904179
-371.112	-725.043	5546.02	0.904167
-379.697	-742.469	5524.19	0.904168
-392.1	-742.059	5508.26	0.904158
-399.032	-744.985	5490.91	0.904157
-413.818	-714.771	5481.81	0.904132
-424.257	-683.066	5477.07	0.904123
-428.637	-655.111	5477.1	0.904113
-427.805	-642.222	5475.58	0.90411
-428.324	-628.174	5473.29	0.904101
-431.734	-619.043	5464.02	0.9041
-439.073	-608.837	5450.59	0.9041
-444.935	-601.116	5430.36	0.904077
-448.311	-604.939	5402.43	0.904063
-450.672	-610.753	5372.92	0.90404
-454.395	-613.236	5343.02	0.904011
-459.969	-609.515	5313.57	0.903983
-470.075	-586.373	5289.65	0.903949
-479.839	-559.614	5268.97	0.903929
-491.761	-523.095	5256.14	0.903909
-493.929	-508.558	5238.72	0.903896
-498.491	-494.777	5224.78	0.903877
-501.607	-491.582	5213.64	0.903858
-509.139	-481.977	5209.03	0.90383
-510.279	-487.206	5199.19	0.903815
-513.562	-497.129	5188.59	0.903798
-517.566	-512.429	5175.25	0.903784
-525.695	-516.262	5163.36	0.903765
-532.693	-516.756	5150.04	0.903747
-541.323	-503.096	5138.97	0.903722
-546.505	-499.68	5125.83	0.903707
-554.928	-491.585	5112.12	0.903686
-571.766	-441.788	5107.94	0.903628
-570.078	-434.085	5090.35	0.903577
-568.145	-453.93	5063.92	0.903522
-576.484	-476.551	5039.21	0.903491
-590.232	-497.503	5014.72	0.903467
-607.636	-503.724	4997.69	0.903447
-625.63	-501.772	4988.01	0.903425
-637.501	-506.186	4979.39	0.903421
-646.223	-491.696	4975.31	0.903403
-653.164	-463.003	4971.19	0.903378
-651.494	-448.371	4962.16	0.903361
-648.741	-447.674	4948.03	0.903348
-651.515	-449.999	4932.28	0.903338
-659.259	-445.434	4921.35	0.903324
-662.993	-446.962	4907.99	0.903308
-664.582	-450.886	4895.94	0.903303
-664.24	-452.256	4885.95	0.903307
-662.826	-453.33	4873.54	0.903304
-658.453	-453.953	4856.8	0.903303
-655.207	-442.868	4838.8	0.903296
-650.267	-431.208	4816.46	0.90329
-643.992	-417.862	4789.17	0.903285
-640.461	-403.713	4764.62	0.903284
-637.711	-395.302	4741.18	0.903273
-632.648	-394.082	4715.75	0.903258
-629.231	-387.543	4695.65	0.903258
-616.797	-406.678	4666.66	0.903232
-610.382	-403.932	4647.52	0.903221
-600.015	-409.004	4624.33	0.903204
-593.948	-400.291	4609.65	0.903202
-585.845	-407.352	4588.67	0.903183
-574.258	-429.899	4560.96	0.903152
-569.919	-444.1	4534.07	0.903113
-576.912	-418.4	4521.74	0.903086
-583.935	-366.491	4519.34	0.903057
-574.184	-357.016	4503.38	0.902995
-561.958	-374.951	4482.83	0.90293
-558.286	-398.005	4464.37	0.902864
-562.804	-402.708	4452.31	0.902796
-573.052	-378.995	4447.42	0.902747
-579.996	-337.077	4447.87	0.902716
-572.759	-329.205	4432.56	0.902668
-566.86	-337.135	4407.3	0.902622
-573.669	-336.928	4383.52	0.902586
-584.404	-331.593	4361.52	0.902553
-595.154	-312.864	4339.99	0.902522
-602.783	-286.184	4320.13	0.902487
-605.041	-267.036	4299.25	0.902452
-609.765	-260.323	4274.09	0.902413
-614.581	-262.053	4250.54	0.902374
-620.461	-263.827	4231.01	0.902329
-628.469	-265.731	4214.04	0.902282
-635.543	-270.177	4199.84	0.902231
-639.444	-274.657	4186.7	0.902185
-638.914	-279.834	4174.72	0.902143
-631.495	-319.289	4149.49	0.902072
-633.554	-341.458	4124.16	0.902003
-636.748	-348.531	4099.81	0.901928
-641.731	-315.686	4087.39	0.901888
-639.139	-274.095	4073.57	0.901848
-632.24	-247.629	4056.06	0.90181
-625.539	-237.838	4031.22	0.901766
-621.721	-236.608	4002.81	0.901721
-623.669	-232.648	3978.06	0.901671
-624.829	-222.035	3960.63	0.90162
-625.156	-204.207	3950.44	0.901553
-620.725	-193.783	3941.04	0.901487
-611.039	-204.106	3925.74	0.901404
-606.803	-221.785	3914.16	0.901318
-605.999	-231.401	3909.45	0.901242
-602.608	-237.689	3904.82	0.901166
-597.773	-243.992	3897.75	0.901112
-599.607	-235.251	3895.1	0.901051
-604.033	-216.614	3896.95	0.90099
-606.945	-200.227	3897.67	0.900925
-600.312	-190.009	3893.09	0.90086
-592.491	-186.303	3883.52	0.900795
-590.763	-185.671	3873.6	0.900724
-593.939	-187.544	3866.26	0.900657
-600.531	-186.927	3861.77	0.900585
-604.421	-187.999	3859.69	0.900516
-604.533	-192.499	3859.06	0.900443
-605.47	-193.754	3858.5	0.900367
-607.153	-188.7	3859.3	0.900294
-607.939	-185.551	3856.66	0.900217
-610.982	-185.82	3851.53	0.900138
-614.601	-185.088	3847.22	0.900051
-613.197	-205.203	3839.81	0.899953
-623.072	-204.094	3834.96	0.899874
-631.875	-197.507	3832.8	0.899797
-632.829	-198.416	3830.07	0.899708
-633.887	-202.933	3827.7	0.899628
-637.672	-201.739	3826.15	0.899554
-639.789	-206.715	3824.52	0.899463
-645.582	-203.052	3822.26	0.899382
-648.601	-205.612	3818.66	0.89929
-650.769	-205.483	3817.27	0.899212
-653.748	-204.093	3812.64	0.899125
-658.902	-195.065	3806.95	0.899051
-664.611	-187.653	3800.41	0.898977
-666.685	-188.481	3793.54	0.898894
-668.935	-191.961	3786.89	0.898812
-673.2	-194.426	3785.2	0.898732
-676.223	-194.595	3787.96	0.898653
-675.228	-198.163	3791.33	0.898569
-671.019	-209.306	3791.89	0.898488
-672.493	-209.195	3792.13	0.898417
-675.51	-200.165	3792.41	0.898341
-676.009	-192.176	3790.94	0.898257
-675.653	-185.93	3788.89	0.898176
-675.085	-188.523	3782.48	0.898096
-676.963	-190.877	3776.67	0.898011
-671.958	-191.735	3764.5	0.897932
-666.716	-194.473	3752.32	0.897849
-666.232	-187.875	3740.02	0.897772
-665.326	-176.228	3722.36	0.897698
-667.12	-172.418	3705.55	0.89762
-670.904	-176.972	3693.97	0.897539
-677.88	-182.046	3693.33	0.897463
-681.8	-186.618	3689.03	0.89738
-684.651	-186.131	3682.04	0.897295
-684.033	-181.516	3680.31	0.897216
-683.536	-179.757	3683.3	0.897135
-686.463	-179.672	3700.29	0.897052
-686.647	-181.013	3722.11	0.896969
-681.806	-180.763	3743.86	0.896885
-675.351	-176.606	3759.68	0.896804
-668.451	-175.127	3764.74	0.896717
-666.029	-169.731	3762.32	0.896636
-666.064	-166.45	3753.98	0.896553
-671.679	-147.303	3752.44	0.896496
-670.744	-130.236	3749.33	0.896438
-696.633	-99.5153	3790.31	0.896411
-680.392	-94.8198	3810.23	0.89638
-665.568	-109.692	3783.25	0.896325
-658.609	-122.182	3748.59	0.896277
-658.604	-149.447	3712.05	0.896199
-669.38	-175.753	3689.05	0.896115
-686.774	-185.169	3686.05	0.896038
-694.592	-189.451	3695.52	0.895955
-690.813	-191.755	3712.28	0.895875
-684.961	-186.861	3727.95	0.895798
-679.047	-179.813	3737.25	0.895722
-673.469	-172.178	3737.09	0.895648
-673.767	-163.559	3732.97	0.895584
-675.308	-154.741	3725.79	0.895526
-674.914	-150.438	3715.65	0.895467
-673.94	-148.807	3704.75	0.89541
-668.741	-151.961	3700.87	0.895353
-662.653	-157.536	3703.17	0.895298
-655.184	-163.758	3711.49	0.895241
-645.43	-168.93	3719.3	0.895188
-635.736	-169.378	3727.57	0.895141
-624.946	-168.961	3730.58	0.895103
-614.193	-169.578	3726.11	0.895068
-601.164	-177.82	3717.89	0.895042
-592.226	-185.394	3708.4	0.895019
-581.531	-193.899	3700.34	0.895001
-570.453	-200.96	3698.26	0.894982
-560.455	-204.124	3701.58	0.894966
-545.531	-205.522	3710.08	0.894955
-530.337	-211.312	3708.2	0.894937
-516.564	-214.272	3694.23	0.894926
-505.285	-216.128	3673.2	0.894918
-496.292	-216.047	3654.32	0.894908
-485.933	-219.658	3637.09	0.894901
-476.212	-226.133	3624.04	0.894893
-473.246	-226.551	3627.17	0.894879
-465.017	-223.9	3641.18	0.894865
-448.822	-222.27	3655.76	0.894861
-437.578	-213.743	3670.7	0.894855
-413.408	-212.38	3651.66	0.894873
-408.624	-204.629	3621.27	0.894885
-414.863	-198.325	3594.11	0.894901
-425.609	-200.427	3576.57	0.894915
-430.579	-209.143	3574.21	0.89493
-427.261	-220.377	3578.93	0.894946
-421.302	-228.356	3589.89	0.894964
-416.142	-228.489	3598.15	0.894987
-409.743	-224.932	3594.45	0.895005
-411.406	-217.641	3576.67	0.895023
-411.957	-213.813	3558.51	0.895043
-418.998	-214.242	3550	0.895054
-428.702	-212.158	3550.91	0.895072
-431.722	-211.273	3560.14	0.895088
-429.087	-202.77	3572.94	0.895084
-421.943	-197.43	3581.85	0.895072
-417.283	-193.957	3583.09	0.895068
-414.74	-202.349	3572.87	0.895084
-422.979	-197.736	3566.25	0.895084
-430.731	-193.726	3559.54	0.895075
-437.895	-191.332	3554.86	0.895069
-439.726	-189.982	3551.43	0.895061
-432.167	-195.131	3541.69	0.895063
-432.751	-194.692	3532.83	0.895058
-440.644	-186.942	3530.99	0.895044
-439.978	-199.18	3529.9	0.895054
-436.478	-215.065	3529.71	0.895064
-439.691	-220.683	3525.68	0.895074
-440.924	-220.924	3524.14	0.895089
-438.59	-219.754	3521.89	0.895105
-436.746	-218.288	3519.61	0.895121
-436.956	-216.189	3518.31	0.89514
-437.156	-218.017	3516.95	0.895154
-431.203	-223.684	3527.43	0.895171
-425.123	-231.701	3546.64	0.895183
-417.145	-234.701	3567.46	0.895197
-409.82	-230.935	3583.34	0.895209
-400.522	-224.964	3590.22	0.895218
-392.092	-217.064	3589.11	0.895226
-387.514	-205.06	3584.33	0.895232
-386.797	-194.564	3580.45	0.895236
-389.539	-185.62	3579.34	0.895232
-387.041	-181.528	3578.45	0.895229
-384.78	-180.065	3578.43	0.895221
-383.75	-177.33	3582.54	0.895207
-381.775	-167.858	3590.73	0.895196
-378.882	-154.812	3595.09	0.895192
-372.461	-144.139	3590.49	0.895186
-369.196	-131.9	3580.63	0.895182
-368.809	-119.449	3571.26	0.895175
-369.028	-109.563	3565.85	0.895169
-367.862	-103.366	3565.57	0.89516
-368.615	-95.7457	3570.88	0.89515
-368.033	-84.6986	3577.87	0.895137
-366.123	-73.6955	3583.96	0.895126
-366.19	-63.1482	3590.36	0.895111
-364.736	-52.3531	3594.02	0.895097
-359.461	-42.9319	3590.66	0.895082
-352.095	-32.7027	3578.15	0.895065
-353.139	-23.7683	3565.32	0.895042
-360.016	-16.55	3557.26	0.895019
-366.21	-14.6779	3554.86	0.894994
-369.604	-14.5454	3558.24	0.894969
-369.622	-14.1572	3565.12	0.894946
-366.301	-11.5575	3575.22	0.894918
-362.302	-5.70038	3584.93	0.894891
-355.974	-4.10669	3591.8	0.894864
-352.654	0.200138	3596.26	0.894835
-353.317	7.56952	3595.89	0.894806
-352.658	12.8503	3589.41	0.894781
-348.751	12.7104	3575.45	0.894752
-351.208	8.25144	3567	0.894719
-360.75	-3.08467	3570.19	0.894688
-369.063	-13.5327	3584.03	0.894656
-369.592	-18.0629	3601.92	0.894625
-363.394	-15.8828	3617.17	0.894594
-354.033	-13.6901	3623.91	0.894565
-347.539	-11.9448	3622.1	0.894535
-340.122	-13.0349	3607.48	0.89451
-339.359	-17.0003	3587.7	0.894481
-343.355	-23.7417	3568	0.894457
-350.656	-31.47	3554.68	0.894429
-355.624	-38.4568	3548.13	0.894408
-355.106	-54.7457	3544.61	0.894385
-356.287	-66.6366	3543.92	0.89436
-358.649	-72.2479	3543.05	0.894343
-356.495	-85.8326	3537.71	0.894318
-358.896	-97.2122	3531.84	0.894297
-375.158	-105.74	3541.97	0.894272
-393.735	-115.411	3567.33	0.894242
-409.579	-128.084	3606.75	0.894207
-414.002	-135.311	3645.08	0.894179
-402.747	-132.656	3669.92	0.894167
-391.81	-123.991	3678.43	0.894149
-390.937	-116.635	3670.61	0.894143
-396.37	-116.831	3654.27	0.894137
-405.266	-117.206	3638.96	0.894141
-422.501	-119.683	3632.62	0.894132
-445.057	-119.855	3633.2	0.894124
-455.017	-126.931	3645.55	0.894104
-456.257	-138.953	3663.57	0.894076
-452.059	-150.167	3682.37	0.894046
-447.845	-159.791	3699.31	0.894008
-449.067	-165.438	3709.2	0.893969
-452.006	-169.238	3710.06	0.893932
-459.017	-170.166	3699.31	0.893899
-470.79	-173.02	3686.35	0.893866
-485.819	-176.028	3675.81	0.893836
-494.551	-182.256	3674.01	0.893812
-499.192	-188.552	3678.96	0.893787
-506.456	-188.721	3681.13	0.893753
-512.173	-187.333	3679.61	0.89371
-513.372	-180.925	3686.87	0.893678
-508.474	-184.644	3687.07	0.893647
-501.865	-190.903	3694.93	0.893619
-498.004	-199.233	3702.55	0.893592
-499.467	-193.763	3711.99	0.893559
-497.447	-192.024	3715.99	0.893535
-495.212	-178.359	3719.99	0.893508
-486.61	-184.349	3709.91	0.893485
-469.252	-222.717	3677.11	0.893509
-474.766	-239.216	3651.03	0.893513
-482.764	-247.195	3632.78	0.893527
-485.253	-247.626	3623.93	0.893547
-477.553	-240.712	3637.51	0.893582
-467.141	-245.472	3640.84	0.893596
-461.98	-244.484	3644.6	0.893606
-457.757	-241.709	3647.07	0.893612
-449.456	-239.965	3647.77	0.893614
-441.885	-237.627	3647.51	0.893619
-433.563	-238.395	3643.59	0.893619
-423.02	-247.007	3636.62	0.893629
-415.682	-253.441	3629.17	0.893635
-408.049	-261.596	3622.42	0.893646
-402.436	-267.107	3621.27	0.893656
-394.484	-263.007	3631.75	0.893654
-375.909	-279.445	3638.78	0.89368
-359.372	-286.475	3652.3	0.893697
-341.357	-284.265	3662.28	0.893689
-321.817	-295.803	3669.28	0.893723
-312.744	-279.444	3681.26	0.893692
-344.978	-234.347	3743.46	0.893619
-340.844	-206.602	3806.59	0.893533
-309.585	-199.371	3856.18	0.893467
-268.879	-198.115	3885.04	0.893388
-244.073	-178.733	3892.71	0.893325
-229.73	-160.461	3879.73	0.893271
-222.327	-144.131	3849.9	0.893202
-225.219	-139.75	3816.58	0.89315
-230.469	-142.012	3782.85	0.893076
-235.164	-160.007	3760.01	0.893011
-229.876	-164.148	3750.44	0.892932
-221.883	-166.797	3747.25	0.892858
-216.453	-160.652	3747.14	0.892788
-208.639	-159.374	3748.62	0.892717
-203.957	-155.66	3750.36	0.892647
-198.97	-159.099	3746.84	0.892583
-193.975	-163.186	3744.27	0.892521
-189.004	-158.047	3739.23	0.892455
-180.112	-151.901	3728.15	0.892388
-176.407	-150.615	3714.29	0.892323
-173.408	-144.634	3699.1	0.892253
-170.843	-144.872	3685.02	0.892184
-175.523	-157.929	3682.04	0.892117
-178.787	-155.525	3686.46	0.892046
-174.784	-163.27	3697.12	0.891989
-165.121	-160.248	3709.92	0.891926
-145.742	-144.736	3715.8	0.891854
-128.028	-138.346	3711.83	0.891789
-120.475	-135.465	3703.32	0.891725
-118.743	-134.418	3692.68	0.891662
-116.274	-136.168	3683.9	0.891599
-114.447	-140.443	3683.47	0.891536
-110.907	-148.75	3692.76	0.891473
-104.718	-156.108	3711.39	0.891425
-93.209	-162.843	3730.45	0.891377
-77.0708	-169.05	3745.83	0.891338
-59.002	-181.707	3757.87	0.891289
-52.8549	-152.721	3778.31	0.891264
-32.7746	-141.65	3788.47	0.891209
-12.2605	-152.757	3790.14	0.891171
-2.18764	-165.853	3795.63	0.891125
-0.45424	-173.826	3805.72	0.891075
3.53239	-175.354	3819.36	0.891055
4.78322	-123.324	3846.11	0.891051
21.3766	-80.6164	3856.53	0.891028
53.4812	-76.2541	3866.61	0.891012
63.3368	-67.7081	3864.4	0.890995
57.1014	-75.4333	3862.28	0.891018
48.7802	-113.848	3851.77	0.891031
40.0832	-137.822	3850.08	0.891065
42.4452	-150.652	3851.62	0.89109
48.6004	-151.714	3861.97	0.891128
60.2705	-149.596	3869.26	0.891153
73.0978	-151.51	3874.87	0.891176
79.8609	-149.644	3881.91	0.891204
88.311	-141.366	3892.47	0.891239
96.1441	-142.714	3900.63	0.891272
102.119	-149.18	3907.65	0.891305
115.135	-169.981	3920.11	0.891329
124.957	-184.667	3938.87	0.891359
131.934	-181.905	3957.9	0.891382
135.015	-176.242	3963.76	0.891425
135.475	-156.054	3956.17	0.891444
133.563	-156.24	3938.93	0.89149
128.188	-160.794	3923.26	0.891533
137.474	-193.87	3924.34	0.89155
139.818	-206.868	3942.67	0.891575
137.375	-208.149	3966.14	0.89162
142.325	-201.384	3984.89	0.891655
154.314	-213.577	3991.81	0.891723
163.121	-224.005	3989.81	0.89179
164.309	-227.072	3982.81	0.891856
162.153	-219.982	3975.72	0.891882
160.709	-208.498	3975.21	0.891912
166.042	-207.759	3976.3	0.891938
176.836	-218.931	3979.44	0.89195
186.41	-233.661	3988.55	0.891954
193.47	-244.398	3998.12	0.891955
198.273	-228.279	4005.71	0.891927
209.555	-231.685	4002.85	0.891924
214.007	-213.159	3992.92	0.891886
212.701	-197.15	3973.31	0.891854
210.233	-192.883	3945.59	0.891811
199.674	-185.328	3914.34	0.891779
190.839	-186.877	3877.15	0.891751
187.616	-198.086	3831.34	0.89172
193.204	-235.308	3764.37	0.891755
172.312	-269.439	3712.23	0.891819
142.828	-291.432	3671.32	0.891863
117.444	-307.883	3646.35	0.891907
98.9934	-290.279	3644.97	0.891939
100.126	-275.405	3644.44	0.891991
105.466	-250.286	3647.43	0.892025
110.493	-228.438	3650.6	0.892075
111.359	-217.881	3647.09	0.892125
107.35	-211.133	3642.41	0.892161
108.622	-229.73	3627.14	0.892203
102.326	-238.986	3611.72	0.892225
95.7407	-243.986	3597.56	0.892262
89.9231	-236.208	3591.96	0.892284
89.2142	-221.978	3594.31	0.892268
94.4498	-207.966	3601.44	0.89226
105.809	-199.602	3607.09	0.892286
123.032	-210.328	3598.87	0.89233
137.204	-240.245	3577.99	0.892375
135.739	-262.695	3558.91	0.892414
128.996	-275.186	3545.18	0.892447
124.636	-277.909	3542.37	0.892486
118.482	-256.968	3553.61	0.892537
120.794	-231.392	3571.79	0.892588
136.58	-212.461	3588.54	0.892639
159.445	-210.896	3594.04	0.892696
173.444	-207.818	3596.49	0.892748
176.315	-195.937	3603.54	0.892785
173.169	-193.965	3621.02	0.892829
175.728	-206.586	3643.15	0.892871
190.77	-222.689	3663.47	0.892915
215.947	-238.296	3685.1	0.892955
241.451	-238.299	3702.43	0.893001
262.566	-237.272	3707.72	0.893034
275.831	-230.567	3704.62	0.893082
281.715	-234.596	3694.35	0.893119
279.293	-240.112	3688.65	0.893169
278.062	-247.239	3690.33	0.893224
282.56	-257.736	3695.7	0.893276
288.121	-263.037	3705.95	0.893333
295.413	-269.755	3714.35	0.893384
302.92	-271.511	3725.04	0.893439
309.893	-272.257	3733.1	0.893494
317.156	-264.193	3742.19	0.893561
319.041	-254.551	3745.71	0.893631
315.856	-245.443	3751.49	0.893709
316.713	-244.415	3758.26	0.893785
317.161	-245.419	3760.27	0.893861
318.23	-244.452	3761.88	0.893944
321.315	-249.957	3760.21	0.894014
320.927	-258.23	3758.92	0.894081
316.468	-256.617	3761.71	0.894156
312.841	-249.889	3763.99	0.894238
306.57	-236.249	3764.42	0.894329
305.607	-231.461	3760.35	0.894418
305.348	-226.708	3759.24	0.894513
308.328	-236.052	3756.39	0.894597
306.953	-252.981	3752.78	0.894667
298.881	-259.564	3755.86	0.894741
292.091	-250.923	3765.36	0.894826
295.638	-250.944	3768.76	0.894904
310.853	-271.079	3771.63	0.894966
313.869	-274.184	3783.61	0.895051
308.813	-265.264	3788.96	0.895136
311.382	-266.509	3780.73	0.895202
328.519	-252.686	3759.86	0.895258
348.777	-221.284	3711.69	0.895318
349.78	-186.726	3646.02	0.895369
331.357	-178.634	3592.3	0.895413
289.763	-183.059	3553.45	0.895464
250.176	-191.397	3538.31	0.895523
230.3	-203.848	3542.06	0.895574
228.828	-210.02	3564.34	0.895619
237.8	-206.502	3593.12	0.895668
249.212	-197.542	3618.82	0.895714
265.096	-189.713	3631.16	0.895758
274.287	-178.639	3629.35	0.895812
277.746	-179.143	3614.26	0.895854
268.696	-177.79	3595.38	0.895897
251.327	-175.179	3580.21	0.895939
237.178	-179.408	3568.48	0.895975
227.807	-181.77	3565.15	0.896018
228.08	-180.769	3565.19	0.896071
226.326	-175.938	3569.83	0.896119
231.695	-176.958	3569.76	0.896172
231.965	-183.037	3567.56	0.896219
225.256	-183.706	3562.4	0.89627
225.572	-186.374	3548.77	0.89632
222.376	-191.494	3527.93	0.896363
216.238	-198.694	3513.16	0.896404
209.828	-205.386	3505.65	0.896447
203.293	-211.411	3507.53	0.896484
197.571	-208.717	3519.98	0.896532
196.411	-207.716	3524.16	0.896569
198.559	-208.289	3525.54	0.896606
209.211	-213.869	3537.34	0.896643
218.628	-220.905	3550.08	0.896682
221.438	-217.446	3564.58	0.896718
208.374	-191.185	3598.52	0.896722
200.237	-153.373	3625.63	0.896742
212.03	-139.152	3636.93	0.896738
218.883	-131.269	3643.79	0.89672
221.727	-129.699	3645.46	0.896706
246.754	-160.957	3609.88	0.896744
251.649	-185.629	3562.39	0.896788
232.5	-196.422	3520.66	0.896835
207.735	-200.215	3503.25	0.896886
191.542	-203.785	3507.55	0.896934
190.435	-205.672	3528.5	0.896985
203.784	-204.475	3559.28	0.897036
228.612	-201.524	3584.71	0.897085
253.449	-201.811	3594.1	0.897124
269.454	-195.235	3596.51	0.897164
278.578	-186.083	3597.88	0.897206
281.53	-177.3	3596.04	0.897253
287.226	-169.66	3591.57	0.897309
289.637	-167.566	3585.58	0.897363
293.939	-176.998	3587.76	0.897408
304.952	-185.841	3604.76	0.897458
322.055	-190.123	3620.75	0.897516
329.407	-183.409	3646.03	0.897558
337.498	-175.396	3668.84	0.8976
358.736	-171.472	3689.67	0.897656
381.611	-176.49	3691.3	0.897711
395.048	-177.923	3678.98	0.897768
397.738	-183.237	3658.21	0.897827
391.358	-186.488	3641.82	0.897891
383.359	-189.453	3633.65	0.897959
383.576	-199.063	3629.76	0.898036
387.473	-206.703	3631.59	0.898115
396.696	-211.747	3630.03	0.898194
407.978	-210.974	3623.04	0.898279
414.482	-208.698	3613.44	0.898353
417.355	-208.248	3602.36	0.898429
416.305	-199.406	3590.58	0.898502
420.396	-201.025	3585.03	0.898566
426.222	-200.395	3584.54	0.898635
432.717	-199.424	3582.98	0.898702
437.599	-199.159	3574.11	0.89876
439.828	-191.353	3566.07	0.898835
437.793	-185.004	3559.72	0.898911
430.697	-170.023	3556.12	0.89898
430.158	-160.118	3537.97	0.899059
428.432	-150.665	3512.97	0.899135
417.183	-146.707	3492.77	0.899204
400.425	-143.845	3477.72	0.899277
396.662	-154.151	3471.02	0.899339
402.199	-165.538	3474.53	0.899405
407.43	-169.401	3485.39	0.899474
413.461	-169.01	3497.06	0.89954
415.721	-160.345	3506.92	0.899598
423.041	-151.366	3507.13	0.899659
433.373	-147.767	3508.64	0.899723
433.358	-142.029	3516.83	0.899772
385.85	-99.9379	3581.85	0.899745
370.435	-78.0106	3663.93	0.899728
394.486	-68.5142	3733.17	0.899716
442.682	-72.6979	3786.53	0.899694
532.545	-66.7871	3753.31	0.899688
590.493	-37.7265	3645.94	0.899688
576.544	-35.6193	3495.93	0.899722
497.58	-81.7229	3357.9	0.899799
393.006	-148.468	3283.03	0.899882
314.85	-198.952	3286.01	0.899961
283.143	-183.603	3360.99	0.899964
322.63	-172.403	3445.33	0.899998
391.392	-172.816	3507.72	0.900043
428.218	-147.96	3559.62	0.90007
435.232	-129.27	3609.32	0.900063
424.5	-131.41	3664.34	0.900053
421.786	-144.173	3719.72	0.900067
453.213	-161.612	3751.06	0.900092
489.602	-142.512	3752.84	0.900115
517.644	-106.008	3719.04	0.900135
527.322	-81.056	3664.7	0.900148
505.076	-75.7662	3608.63	0.900158
461.818	-80.8232	3570.12	0.900202
426.649	-125.268	3572.41	0.900222
415.147	-171.312	3594.12	0.90027
424.429	-195.257	3625.89	0.900323
448.072	-197.469	3656.46	0.90037
481.786	-192.561	3673.46	0.900416
496.032	-170.55	3673.87	0.900475
499.462	-147.899	3656.16	0.900535
503.391	-159.602	3638.15	0.900574
503.002	-184.209	3628.82	0.900614
497.093	-206.14	3637.42	0.900652
498.461	-227.365	3656.47	0.900684
511.502	-240.457	3684.83	0.90071
530.428	-242.482	3711.37	0.900738
552.996	-240.407	3731.55	0.900769
566.958	-229.696	3744.89	0.900812
580.149	-223.583	3749.36	0.900855
589.745	-224.38	3750.05	0.9009
591.749	-227.18	3748.65	0.900945
592.818	-235.623	3749.57	0.900988
594.059	-244.543	3754.85	0.901037
596.505	-251.819	3761.62	0.901081
602.381	-259.248	3768.79	0.901124
609.708	-264.317	3776.61	0.901165
616.572	-261.547	3781.88	0.90121
619.38	-262.582	3785.14	0.901254
617.854	-262.334	3784.94	0.901304
615.255	-258.456	3790.53	0.901362
621.931	-258.308	3795.19	0.901413
630.022	-253.981	3797.64	0.901472
634.973	-249.196	3797.14	0.901536
642.336	-254.775	3794.23	0.90159
639.672	-256.748	3793.18	0.901649
631.588	-253.333	3797.13	0.901715
639.738	-282.86	3803.97	0.901754
645.309	-301.796	3819.24	0.901796
650.783	-304.574	3837.46	0.90184
656.338	-299.059	3855.67	0.901888
663.368	-288.239	3866.62	0.90194
674.012	-284.53	3868.85	0.901985
678.929	-277.287	3862.41	0.902035
679.959	-275.407	3847.29	0.902086
677.153	-289.057	3833.63	0.902132
665.555	-281.492	3823.18	0.902202
656.807	-266.631	3814.41	0.902281
652.776	-257.135	3807.35	0.902359
648.914	-248.476	3805.48	0.902436
644.062	-243.419	3814.67	0.902495
619.14	-196.697	3871.58	0.902461
626.11	-168.245	3938.65	0.902448
662.672	-161.409	3996.34	0.902434
706.742	-160.081	4034.74	0.902425
739.179	-153.047	4051.18	0.902417
759.933	-151.757	4051.23	0.902401
765.295	-154.289	4041.64	0.902388
758.853	-156.925	4030.82	0.902376
751.518	-161.478	4021.8	0.902362
747.082	-164.499	4022.25	0.902348
747.238	-168.967	4028.43	0.902341
754.505	-168.784	4041.36	0.902336
768.954	-169.03	4054.53	0.902332
786.979	-176.743	4066.54	0.902318
798.357	-177.837	4072.74	0.902311
815.924	-197.711	4072.83	0.902326
825.447	-210.341	4073.39	0.902332
823.955	-205.58	4077.06	0.902347
821.025	-198.338	4064.81	0.902357
810.052	-185.676	4038.36	0.902379
803.579	-177.546	4012.67	0.90239
797.274	-186.392	3997.83	0.902411
798.932	-202.554	4003.98	0.902415
819.546	-240.018	4029.55	0.902398
841.131	-254.006	4067.02	0.902406
846.401	-211.353	4088.36	0.902451
882.671	-200.579	4099.58	0.902476
924.395	-205.7	4112.79	0.902458
947.265	-209.262	4129.56	0.902462
955.253	-202.074	4140.69	0.902477
958.488	-189.627	4142.6	0.902495
959.235	-178.836	4136.49	0.902515
961.047	-174.353	4120.75	0.90254
959.956	-179.893	4098.14	0.902583
959.647	-194.775	4085.6	0.902612
963.618	-229.679	4073.48	0.902666
934.731	-216.904	4078.68	0.902701
923.666	-195.341	4080.24	0.902751
922.409	-170.914	4083.74	0.902789
966.654	-211.115	4096.01	0.902808
1003.67	-258.801	4117.03	0.902823
1024.22	-300.069	4138.55	0.902864
1042.06	-314.505	4162.37	0.90289
1037.96	-277.049	4168.67	0.902945
1055.69	-258.655	4172.84	0.902982
1079.94	-263.507	4174.78	0.903009
1097.61	-277.855	4174.07	0.903043
1112.78	-317.845	4166.74	0.903083
1109.78	-350.479	4163.69	0.903138
1101.48	-371.346	4167	0.903186
1094.89	-366.404	4181.08	0.903237
1105.96	-366.297	4197.47	0.903296
1123.86	-368.487	4211.49	0.903359
1142.14	-378.817	4224.92	0.903414
1156.29	-384.201	4237.49	0.903472
1167.42	-390.697	4251.63	0.903524
1176.27	-397.128	4263.31	0.90358
1186.51	-411.139	4274.7	0.903626
1200.91	-436.502	4285.06	0.903656
1213.06	-459.004	4296.11	0.903685
1215.31	-455.443	4308.59	0.903737
1212.53	-434.15	4311.62	0.903794
1216.87	-412.902	4307.37	0.90385
1219.85	-398.05	4302.92	0.903912
1219.36	-393.75	4298.66	0.903964
1217.74	-402.579	4301.72	0.90401
1214.44	-416.846	4305.2	0.904043
1215.35	-419.948	4302.79	0.904071
1216.67	-408.617	4300.79	0.904105
1213.84	-384.352	4298.63	0.90414
1211.1	-361.866	4295.25	0.904173
1207.65	-345.734	4296.94	0.904208
1207.01	-336.582	4305.33	0.904243
1207.52	-327.502	4316.69	0.90428
1211.69	-316.707	4336.47	0.904313
1220.87	-303.176	4359.33	0.904344
1234.08	-286.849	4380.49	0.904377
1246.35	-277.02	4398.4	0.904413
1255.78	-266.775	4412.33	0.90445
1229.87	-218.465	4394.6	0.904507
1180.51	-148.662	4344.04	0.90458
1130.42	-104.278	4261.3	0.904655
1085.56	-91.383	4181.16	0.904734
1042.65	-109.639	4120.39	0.904816
997.67	-131.168	4092.79	0.904894
968.146	-151.002	4092.1	0.904972
958.635	-157.106	4118.73	0.905046
967.243	-141.765	4163.86	0.905113
992.651	-123.913	4200.3	0.905195
1020.59	-101.206	4220.59	0.905265
1040.83	-79.3346	4223.73	0.905329
1046.93	-68.6904	4213.65	0.905395
1036.93	-66.8667	4192.1	0.905457
1014.35	-69.8781	4168.53	0.905522
990.447	-81.6145	4150.58	0.905575
979.089	-104.494	4147.05	0.905615
976.187	-122.248	4157.46	0.905652
976.557	-116.175	4178.07	0.905707
984.629	-97.7175	4197.36	0.905758
999.642	-80.8692	4208.62	0.905812
1014.36	-78.8458	4205.07	0.905866
1017.16	-78.6942	4194.31	0.905922
1008.72	-76.9481	4182.13	0.905977
998.051	-77.8516	4173.89	0.90603
989.985	-82.5059	4170.3	0.906081
986.294	-88.9359	4171.17	0.906134
992.881	-103.485	4179.94	0.906174
1014.34	-135.149	4182.88	0.906244
1029.77	-169.891	4177.89	0.906307
1018.4	-165.247	4181.05	0.906389
1002.88	-138.547	4185.96	0.906459
996.644	-105.735	4190.38	0.90652
1001.7	-81.4106	4194.35	0.906582
1010.74	-72.4733	4195.7	0.906639
1016.57	-76.0408	4194.9	0.906691
1016.36	-83.6042	4194.18	0.906744
1011.65	-90.2215	4192.04	0.906795
1005.51	-89.1045	4191.46	0.906854
1003.05	-86.901	4190.98	0.906911
1004.32	-88.2093	4189.46	0.906966
1005.52	-90.2267	4188.01	0.90702
1004.52	-93.5627	4183.98	0.907067
999.94	-95.0054	4177.31	0.907118
993.853	-93.8495	4170.87	0.907167
988.656	-92.7488	4165.87	0.907216
985.139	-92.8057	4163.07	0.907269
990.064	-106.396	4146.55	0.907327
986.496	-107.308	4132.73	0.907396
984.1	-108.772	4119.37	0.907468
981.651	-109.251	4110.43	0.907542
977.799	-111.331	4106.31	0.907608
972.426	-116.005	4108.58	0.907672
971.736	-119.871	4113.49	0.907743
975.219	-122.637	4118.92	0.907816
983.54	-124.253	4135.51	0.907892
985.943	-115.952	4158.3	0.907977
1041.46	-148.837	4250.01	0.908031
1156.18	-196.658	4297.38	0.908126
1187.3	-184.029	4302.73	0.908211
1161.01	-140.952	4274.2	0.908303
1115.06	-101.288	4223.59	0.908391
1071.6	-92.8688	4154.3	0.908468
1024.9	-103.452	4099.23	0.908548
980.293	-123.394	4065.65	0.908625
945.76	-139.594	4054.24	0.9087
928.219	-144.008	4061.62	0.908781
929.345	-136.091	4081.68	0.908862
942.143	-122.21	4100.05	0.90894
954.875	-107.054	4116.65	0.90902
965.314	-89.8212	4136.53	0.909102
976.69	-74.6117	4156.58	0.909186
987.646	-67.2476	4173.05	0.90927
989.398	-62.2263	4188.66	0.909345
990.281	-59.796	4197.77	0.909431
990.717	-58.605	4195.31	0.90951
985.201	-49.9763	4182.75	0.90959
974.44	-47.0434	4155.5	0.909658
955.544	-43.9004	4123.88	0.909728
928.779	-43.6061	4094.31	0.909792
891.558	-38.1438	4088.68	0.909833
873.936	-41.2577	4116.88	0.909874
884.574	-45.8978	4173.71	0.909915
942.362	-67.9314	4246.79	0.909969
1009.46	-71.0181	4321.23	0.910032
1048.84	-34.4559	4397.07	0.910082
1086.05	8.46902	4457.24	0.910133
1144.83	30.6933	4466.5	0.910205
1178.39	42.9758	4441.14	0.91028
1167.27	49.3426	4398.49	0.910356
1114.37	56.9347	4353.04	0.910432
1066.94	55.8066	4306.83	0.910516
1046.02	47.5313	4273.2	0.910617
1039.99	39.2215	4260.97	0.910726
1041.1	31.3423	4276.86	0.91084
1045.85	30.045	4305.73	0.910956
1060.11	33.4509	4332.28	0.911072
1086.2	35.0025	4359.23	0.911189
1108.66	38.8025	4375.69	0.911308
1079.91	77.1479	4425.37	0.911381
1048.95	106.734	4498.14	0.911455
1060.4	111.105	4569.69	0.911534
1103.33	106.758	4630.25	0.911616
1154.61	108.242	4672.13	0.911696
1203.97	95.5436	4688.91	0.911754
1244.76	43.8807	4679.35	0.911775
1260.29	-14.4601	4665.03	0.911782
1249.49	-46.1521	4661.54	0.911794
1232.7	-51.4472	4670.07	0.911807
1225.68	-42.6336	4689.12	0.911825
1233.09	-29.3015	4715.85	0.911843
1250.03	-17.4679	4744.28	0.911859
1270.05	-11.8206	4769.35	0.911874
1288.02	-8.13236	4787.77	0.911887
1301.63	-6.74097	4797.18	0.911901
1306.39	-4.6845	4800.97	0.911914
1303.06	-0.385963	4802.95	0.911927
1297.66	2.00674	4799.91	0.911939
1293.35	2.10492	4793.75	0.91195
1289.38	2.3726	4787.17	0.911963
1286.52	-0.921195	4780.46	0.911976
1282.77	-3.25909	4776.02	0.911991
1277.19	-5.15168	4776.41	0.912005
1274.25	-8.2929	4779.91	0.912018
1272.14	-8.19516	4788.62	0.912031
1272.82	-5.65089	4796.95	0.912044
1276.88	-0.973555	4803.56	0.912056
1282.3	4.95624	4807.64	0.912066
1287.07	9.48219	4808.52	0.912079
1289.41	11.6368	4806.62	0.912089
1288.76	11.6678	4803.07	0.912099
1285.44	11.93	4799.67	0.91211
1282.88	12.2618	4799.91	0.912123
1282.56	10.518	4802.21	0.912135
1283.08	11.6649	4806.96	0.912146
1285.83	12.2634	4811.79	0.912156
1289.17	14.3079	4816.28	0.912168
1292.98	14.9923	4818.9	0.91218
1296.94	15.6581	4822.57	0.912189
1298.72	21.0002	4827.86	0.912202
1302.01	21.599	4831.01	0.912213
1302.96	19.3953	4834.53	0.912225
1301.55	14.6161	4839.79	0.912238
1300.2	13.6735	4847.03	0.912251
1302.44	13.6243	4853.65	0.912262
1306.36	17.8169	4859.59	0.912273
1311.26	22.8616	4863.27	0.912285
1316.27	23.4824	4863.09	0.912296
1318.76	20.4944	4859.86	0.912309
1314.88	21.2932	4854.2	0.912322
1309.11	21.5281	4846.96	0.912333
1300.47	23.3616	4843.21	0.912348
1291.81	25.0809	4845.25	0.91236
1288.95	23.4507	4850.56	0.912372
1289.99	21.9433	4855.35	0.912386
1294.06	20.1331	4858.45	0.912402
1294.51	20.1009	4859.76	0.912415
1291.48	23.6189	4857.57	0.912432
1283.55	44.5167	4858.49	0.912463
1282.77	45.8544	4854.99	0.912477
1279.08	40.4179	4851.22	0.912498
1273.49	28.1227	4849.58	0.912508
1266.45	16.7553	4853.57	0.912517
1262.75	11.9945	4862.38	0.912529
1266.21	9.69976	4871.93	0.912537
1272	10.0977	4882.46	0.912546
1274.2	17.6549	4892.98	0.912555
1278.87	20.9861	4898.87	0.912561
1280.68	20.3552	4899.67	0.912568
1279.34	21.4307	4898.01	0.912578
1276.92	22.775	4894.62	0.912587
1273.94	25.0269	4891.01	0.912599
1271.83	24.7957	4887.13	0.912606
1270.32	21.6102	4883.45	0.912617
1267.58	21.3157	4882.15	0.912628
1265.92	20.646	4882.11	0.912638
1265.99	18.3734	4882.59	0.912646
1266.32	17.9714	4884.18	0.912653
1268.4	14.0358	4884.63	0.912665
1269.03	13.5533	4885.79	0.912676
1269.16	15.049	4887.04	0.912684
1271.64	14.3012	4889.7	0.912691
1273.65	16.1304	4894.19	0.912698
1275.95	18.5635	4898.87	0.912705
1279.59	17.3113	4901.57	0.912712
1283.99	17.3747	4900.99	0.91272
1287.94	17.6275	4900.36	0.912729
1289.36	18.0531	4899.75	0.912737
1288.7	18.2826	4899.24	0.912745
1289.28	18.6843	4896.68	0.912754
1291.02	18.1495	4895.41	0.912762
1293.87	17.9746	4893.19	0.91277
1295.88	15.1419	4889.61	0.912776
1293.72	17.0379	4887.67	0.912786
1290.58	19.9844	4886.83	0.912795
1289.5	18.5811	4885.58	0.912802
1289.23	15.5748	4884.73	0.912809
1288.53	14.6859	4885.21	0.912818
1289.43	15.742	4889.41	0.912827
1293.59	19.4868	4893.65	0.912839
1299.52	20.3126	4895.57	0.912847
1303.09	21.4898	4896.12	0.91286
1304.76	19.3281	4894.39	0.91287
1303.82	16.4877	4891.71	0.912874
1300.79	10.6752	4885.17	0.912876
1293.88	8.39509	4875.83	0.912877
1286.97	5.19476	4865.05	0.912881
1336.63	-15.1986	4791.77	0.912921
1362.5	-36.7964	4685.17	0.91296
1327.03	-47.1487	4572.89	0.912999
1249.34	-57.84	4477.49	0.913043
1168.35	-73.7181	4412.16	0.913091
1112.68	-97.6816	4375.98	0.913139
1088.43	-114.669	4367.9	0.913198
1090.99	-125.66	4378.56	0.913255
1107.41	-127.535	4395.53	0.91331
1127.99	-120.046	4411.02	0.913367
1146.1	-119.1	4414.84	0.913415
1152.97	-116.903	4410.91	0.913467
1148.07	-120.552	4399.84	0.913512
1133.83	-123.605	4390.11	0.913561
1117.92	-125.719	4386.48	0.913611
1108.59	-123.473	4384.83	0.913658
1110.31	-124.512	4380.84	0.913703
1114.49	-127.302	4375.89	0.91375
1115.37	-132.247	4375.65	0.913799
1114.94	-135.819	4382.26	0.913849
1115.84	-135.935	4393.09	0.913901
1119.89	-134.233	4409.27	0.913955
1129.73	-128.513	4424.41	0.914008
1146.02	-124.124	4434.38	0.91406
1153.6	-96.2821	4441.41	0.914136
1160.66	-80.7153	4441.89	0.914172
1160.11	-64.4252	4441.9	0.91424
1168.2	-67.8258	4432.01	0.914275
1166.92	-64.2332	4423.61	0.914347
1165.48	-62.8615	4419.27	0.914425
1166.25	-62.7794	4419.59	0.914504
1173.97	-87.8038	4415.23	0.914557
1169.68	-89.1764	4420.22	0.914635
1167.49	-74.013	4431.31	0.914713
1176.52	-58.639	4442.02	0.91479
1192.11	-50.1256	4446.24	0.914863
1207.41	-45.6329	4448.15	0.914941
1213.66	-33.135	4449.31	0.915006
1215.98	-30.3934	4445.57	0.915081
1217.37	-32.6797	4435.49	0.915157
1215.16	-37.1655	4425.94	0.915232
1212.37	-41.695	4419.62	0.915308
1213.02	-44.5821	4420.4	0.915386
1214.88	-45.5218	4426.27	0.915464
1225.01	-62.6827	4426.3	0.915518
1232.08	-79.3922	4419.42	0.915573
1230	-85.4699	4410.95	0.915626
1222.81	-85.5002	4402.38	0.915681
1214.44	-81.9896	4395.72	0.915734
1207.97	-77.9076	4391.9	0.915786
1202.97	-76.771	4392.75	0.915838
1201.59	-78.2643	4397.01	0.91589
1205.65	-79.8033	4401.03	0.915941
1210.58	-78.3756	4404.67	0.915995
1213.4	-76.2159	4404.13	0.916046
1213.64	-74.4093	4400.51	0.916098
1211.03	-72.1932	4395.89	0.916148
1206.77	-69.7775	4391.92	0.9162
1201.44	-71.0862	4390.78	0.91625
1195.65	-73.3403	4395.04	0.916298
1191.1	-71.696	4406.24	0.916348
1192.34	-71.4169	4421.24	0.916397
1200.46	-71.3969	4435.88	0.916445
1211.54	-68.6206	4447.66	0.916494
1220.48	-66.4468	4456.03	0.916542
1224.38	-62.2162	4458.3	0.916595
1225.43	-60.0739	4454.71	0.916646
1221.81	-58.8269	4445.42	0.916697
1215	-59.0004	4434.04	0.916748
1206.2	-59.1036	4424.35	0.916801
1196.98	-60.7773	4415.27	0.916853
1188.62	-60.3273	4409.98	0.916907
1184.07	-61.5002	4407.92	0.916961
1179.72	-64.3824	4408.27	0.917012
1175.42	-66.1898	4413.37	0.917065
1175.59	-65.5332	4416.51	0.917118
1176.9	-63.9856	4419.47	0.917172
1177.5	-61.5359	4419.24	0.917225
1177.93	-61.1307	4416.02	0.917276
1166.42	-35.6661	4420.02	0.917355
1161.76	-11.6269	4427.13	0.917436
1164.89	-2.1589	4434.77	0.917515
1169.84	-1.34494	4439.87	0.917592
1180.49	-28.7429	4434.62	0.917647
1182.43	-55.1606	4427.63	0.917701
1176.38	-71.5206	4422.06	0.917753
1164.88	-71.885	4423.02	0.917806
1159.17	-67.0932	4426.81	0.91786
1161.44	-63.7148	4430.53	0.917913
1167.59	-63.493	4432.76	0.917965
1172.46	-64.1714	4433.67	0.918016
1174.18	-64.6245	4433.61	0.918067
1169.98	-64.3325	4432.81	0.918122
1164.21	-64.9652	4428.86	0.918171
1159.97	-67.5946	4423.22	0.918223
1153.47	-71.2253	4417.38	0.918276
1147.39	-74.2786	4413.13	0.918329
1142.59	-81.2263	4411.88	0.918384
1139.95	-87.1902	4414.03	0.918439
1138.21	-90.5171	4420.75	0.91849
1138.53	-93.1657	4431.06	0.918543
1143.69	-97.0539	4440.94	0.918593
1150.25	-100.782	4445.54	0.918639
1155.42	-103.068	4445.15	0.918684
1151.49	-78.0544	4452.26	0.91876
1152.04	-50.7861	4462.37	0.918835
1160.1	-38.4847	4469.09	0.918907
1170.08	-37.86	4474.95	0.918977
1177.28	-40.431	4483.18	0.919047
1182.36	-40.9812	4495.22	0.919114
1190.47	-42.4756	4504.27	0.919178
1198.96	-40.4467	4512.81	0.919244
1207.17	-36.2355	4521.57	0.919309
1217.42	-32.6627	4528.32	0.919374
1231.68	-46.3095	4524.21	0.919418
1232.92	-59.7865	4515.41	0.919459
1223.98	-67.182	4506.24	0.919499
1212.84	-70.8026	4498.45	0.919539
1203.95	-70.3683	4493.89	0.91958
1198.13	-67.9184	4490.03	0.919621
1192.11	-47.1643	4496.12	0.919682
1192.08	-27.3428	4502.69	0.919744
1199.93	-19.6915	4508.51	0.919808
1211.76	-38.0998	4504.52	0.919852
1213.14	-63.2546	4491.26	0.919889
1200.79	-77.1475	4475.01	0.919932
1184.18	-81.834	4459.95	0.919976
1164.93	-61.5922	4455.38	0.920042
1156.08	-39.6307	4456.27	0.920109
1158.35	-27.9892	4459.01	0.920176
1167.69	-48.9157	4454.6	0.920219
1169.34	-76.594	4447.07	0.920259
1160.54	-93.3528	4439.54	0.920299
1141.62	-71.9242	4447.84	0.920371
1136.05	-42.6364	4464.33	0.920446
1153.22	-51.3108	4468.27	0.920491
1169.13	-76.4604	4461.71	0.920532
1170.02	-98.0466	4449.06	0.92057
1157.71	-104.84	4437.36	0.920612
1141.25	-103.344	4430.51	0.920653
1130.57	-100.28	4427.97	0.920698
1129.74	-98.1232	4426.62	0.920743
1133.57	-98.5852	4425.82	0.920789
1138.64	-99.1296	4423.72	0.920836
1141.31	-96.9676	4424.49	0.920886
1141.93	-94.7215	4426.81	0.920935
1142.18	-93.7098	4429.62	0.920985
1143.05	-93.8103	4432.22	0.921032
1145.26	-97.2738	4433.26	0.921078
1146.29	-98.8381	4434.05	0.921126
1145.68	-95.627	4435.52	0.921174
1146.44	-94.7965	4435.55	0.921219
1147.64	-96.8458	4434.19	0.921265
1148.66	-95.5816	4431.47	0.921315
1148.32	-93.1988	4428	0.921365
1146.57	-91.5921	4424.53	0.921414
1145.13	-87.906	4420.66	0.921464
1141.09	-65.9262	4428.6	0.921537
1145.17	-49.252	4441.85	0.921611
1155.89	-39.1988	4458.97	0.921683
1170.13	-39.1462	4473.95	0.921755
1183.05	-40.3894	4488.33	0.921827
1191.95	-37.4293	4500.53	0.921898
1200.51	-32.3697	4505.93	0.92197
1205.91	-25.9989	4505.21	0.922036
1208.98	-20.9414	4497.48	0.922103
1208.46	-19.7047	4488.32	0.922166
1204.51	-20.9524	4483.16	0.922231
1200.04	-21.7647	4485.69	0.922296
1200.98	-21.7421	4498.95	0.922361
1211.96	-40.1626	4508.21	0.922402
1221.67	-55.5095	4516.14	0.922445
1226.5	-57.8771	4523.48	0.922484
1229.16	-50.6808	4528.55	0.922525
1232.47	-43.2943	4529.07	0.922564
1232.39	-34.7763	4524.3	0.922603
1229.4	-28.2891	4516.46	0.92264
1225.99	-27.3957	4510.02	0.922678
1220.99	-27.3157	4507.4	0.922715
1217.55	-30.0261	4507.7	0.922751
1211.53	-14.8404	4516.7	0.92281
1214.69	-1.4299	4529.28	0.922866
1222.94	7.9577	4539.13	0.922927
1230.37	14.6069	4542.77	0.92299
1233.91	15.5646	4537.55	0.923053
1230.91	11.5513	4524.12	0.923116
1220.45	5.97951	4505.54	0.923177
1209.69	-21.0079	4482.87	0.92322
1194.7	-48.199	4465.64	0.923264
1176.44	-60.2087	4457.14	0.923308
1165.17	-63.9613	4455.6	0.923353
1161.76	-58.0189	4460.62	0.923402
1167.45	-54.7735	4466.5	0.923447
1175.43	-51.9479	4472.18	0.923493
1182.72	-52.9359	4475.32	0.923539
1185.15	-55.1998	4473.57	0.923586
1183.27	-56.8208	4469.03	0.923634
1177.77	-58.1684	4460.78	0.92368
1167.03	-57.3145	4452.17	0.923724
1156.15	-57.5475	4442.21	0.92377
1145.57	-58.1624	4436.3	0.923818
1139.79	-57.7898	4438.06	0.923866
1140.37	-59.244	4444.38	0.923916
1143.73	-62.7183	4454.56	0.923963
1149.45	-65.1162	4465.81	0.924011
1155.86	-67.0928	4472.28	0.924056
1160.21	-63.8285	4475.08	0.924103
1160.68	-59.5571	4476.11	0.924151
1160.64	-59.9616	4474.26	0.924198
1157.12	-61.4551	4473.83	0.924244
1153.74	-63.3392	4474.82	0.92429
1151.39	-68.3884	4477.99	0.924333
1148.25	-73.8239	4482.14	0.924374
1145.63	-77.5446	4488.81	0.924415
1144.87	-79.2667	4498.25	0.924456
1146.96	-81.1068	4509.34	0.924492
1153.46	-84.6638	4518.48	0.924528
1161.35	-87.8006	4524.2	0.924563
1164.39	-85.7	4529.63	0.924597
1165.4	-80.3817	4533.66	0.92463
1163.25	-75.4471	4535.03	0.924659
1158.89	-70.7214	4537.01	0.924685
1152.75	-48.3722	4548.2	0.924734
1154.8	-27.2851	4561.07	0.924781
1165.05	-17.7258	4570.38	0.924826
1178.02	-16.4504	4573.19	0.924871
1184.19	-13.8942	4572.77	0.924914
1187.93	-13.6895	4569.46	0.924959
1188.43	-14.0613	4567.75	0.925006
1187.31	-14.8891	4562.73	0.925054
1188.3	-17.6028	4556.13	0.925101
1186.35	-16.8187	4551.17	0.925147
1189.64	-33.0968	4539.82	0.925175
1183.06	-27.4568	4538.92	0.925227
1180.22	-14.1984	4544.3	0.925277
1185.14	-4.78642	4553.74	0.925327
1196.81	1.48882	4564.88	0.92538
1209.14	2.96812	4574.21	0.925434
1218.07	4.07997	4576.12	0.925488
1224.94	-13.5375	4563.24	0.925522
1223	-32.1186	4542.55	0.925555
1208.99	-43.3503	4519.36	0.925586
1189.55	-47.4717	4499.71	0.925617
1170.31	-48.9786	4488.87	0.925648
1158.39	-50.6592	4486.7	0.925679
1155.09	-51.1394	4491.93	0.925709
1152.53	-21.3789	4513.84	0.925771
1160.12	2.31818	4528.45	0.925829
1179.56	-12.9632	4521.8	0.925858
1187.47	-35.7836	4505.93	0.925886
1180.77	-58.8556	4486.73	0.925916
1162.54	-75.93	4472.42	0.925946
1142.21	-84.7721	4467.93	0.925972
1129.78	-90.9977	4472.8	0.925999
1128.46	-98.8397	4484.32	0.926024
1134.36	-102.264	4496.68	0.926052
1143.11	-104.28	4508.05	0.92608
1145.09	-90.874	4520.29	0.926121
1144.43	-77.8328	4524.86	0.926162
1144.53	-75.9615	4522.53	0.926201
1140.87	-82.8049	4515.34	0.92624
1133.99	-92.5821	4511.92	0.926273
1127.04	-108.299	4517.63	0.926299
1119.91	-123.549	4531.55	0.926319
1114.93	-132.014	4551.76	0.926336
1118.99	-136.68	4573.67	0.926359
1125.48	-127.938	4599.68	0.926373
1134.01	-117.367	4623.05	0.926382
1140.21	-105.082	4642.29	0.926382
1138.43	-78.4467	4661.66	0.926383
1137.89	-60.4567	4675.02	0.926381
1150.18	-65.9041	4672.17	0.926388
1158.9	-78.2018	4660.24	0.926392
1155.93	-91.0464	4641.71	0.926398
1137.49	-94.2518	4616.81	0.926408
1105.68	-88.6684	4577.53	0.926426
1047.23	-58.1894	4503.65	0.926462
1002.66	-51.7659	4427.02	0.926483
963.17	-63.9913	4359.81	0.926507
923.473	-88.6774	4310.8	0.926534
887.381	-118.157	4282.26	0.926563
861.621	-141.622	4274.56	0.926592
858.064	-160.461	4285.34	0.926622
873.35	-170.892	4302.07	0.92665
892.663	-176.338	4319.35	0.926674
914.949	-177.559	4325.27	0.9267
934.755	-182.248	4321.25	0.926727
941.132	-190.504	4314.5	0.926753
944.035	-202.037	4302.33	0.926779
947.06	-220.549	4296.92	0.926807
940.279	-227.718	4289.09	0.926836
942.166	-236.882	4288.31	0.926866
956.852	-252.59	4300.82	0.926888
985.914	-270.525	4325.03	0.926883
1017.45	-284.392	4354.42	0.926865
1049.56	-298.653	4388.04	0.926843
1068.07	-302.237	4433.17	0.926808
1102.54	-346.901	4468.02	0.926816
1131.71	-358.295	4507.33	0.926788
1172.26	-386.751	4529	0.926799
1213.77	-409.3	4529.17	0.926818
1228.13	-387.984	4523.49	0.926819
1223.21	-350.396	4510.91	0.926819
1209.79	-317.703	4493.82	0.92685
1184.9	-305.853	4458.58	0.926903
1155.88	-321.611	4415.31	0.926951
1123.44	-350.044	4380.5	0.927002
1091.35	-375.617	4370.01	0.927053
1071.69	-402.513	4382.13	0.927112
1061.55	-402.084	4425.23	0.927179
1063.62	-345.672	4503.63	0.927294
1111.11	-343.298	4565.9	0.927355
1173.16	-391.368	4602.54	0.927389
1201.58	-392.371	4647.6	0.927472
1224.01	-404.155	4676.91	0.92753
1241.67	-436.649	4687.63	0.927569
1247.3	-475.739	4686.98	0.927607
1236.15	-465.494	4693.27	0.927612
1235.04	-469.838	4695.05	0.927641
1238.09	-475.133	4703.64	0.927689
1244.59	-484.829	4718.93	0.927738
1257.35	-502.697	4736.38	0.927778
1260.99	-471.239	4773.97	0.927769
1290.83	-466.238	4806.53	0.927801
1318.71	-450.946	4843.31	0.927805
1335.33	-395.609	4905.82	0.927875
1374.29	-393.921	4962.66	0.927945
1426.4	-439.21	5007.28	0.928005
1469.73	-488.487	5045.99	0.928066
1505.29	-493.632	5075.84	0.928113
1528.13	-493.095	5100.53	0.928159
1542.51	-497.154	5119	0.928216
1550.65	-496.024	5134.8	0.928276
1558.81	-483.381	5143.62	0.92834
1560.9	-450.128	5155.35	0.928382
1574.46	-460.011	5160.65	0.928433
1583.7	-501.211	5169.64	0.92848
1579.81	-535.682	5186.89	0.92853
1569.77	-553.012	5211.65	0.928578
1568.54	-559.058	5239.08	0.928623
1576.85	-559.954	5259.27	0.928669
1580.46	-540.966	5274.84	0.928722
1588.7	-529.357	5283.35	0.928768
1595.03	-539.745	5274.36	0.928797
1591.81	-558.088	5252.67	0.928826
1561.41	-528.832	5246.59	0.928895
1556.07	-549.709	5236.47	0.928921
1560.27	-593.526	5228.24	0.928944
1556.07	-604.186	5233.77	0.92899
1543.21	-587.957	5253.6	0.929047
1543.48	-578.443	5279.03	0.929107
1552.12	-558.281	5302.4	0.929155
1563.82	-526.455	5319.93	0.92923
1573.94	-497.64	5327.88	0.929322
1624.05	-564.268	5336.99	0.929358
1650.96	-628.102	5361.34	0.929413
1655.07	-680.846	5386.15	0.929451
1646.66	-707.814	5406.77	0.929487
1638.81	-709.65	5420.89	0.929522
1627.92	-660.28	5432.78	0.929586
1611.43	-587.198	5419.66	0.929657
1594.77	-505.783	5391.48	0.929744
1583.85	-458.543	5348.89	0.929832
1560.89	-427.513	5311.79	0.929939
1527.85	-408.767	5290.96	0.93006
1500.57	-407.032	5286.14	0.930184
1489.83	-417.211	5293.08	0.930304
1505.46	-458.275	5294.89	0.930403
1521.02	-490.36	5299.52	0.9305
1532.85	-507.905	5311.06	0.9306
1539.57	-506.023	5335.46	0.9307
1546.05	-480.315	5371.76	0.930786
1575.01	-453.588	5397.94	0.93088
1612.47	-437.507	5406.71	0.930972
1640.14	-433.503	5402.22	0.931046
1650.76	-427.653	5389.65	0.931118
1641.63	-421.951	5375.38	0.93119
1625.33	-430.167	5363.95	0.931249
1614.35	-447.07	5365.74	0.931304
1608.45	-454.375	5381.85	0.931359
1618.54	-459.287	5412.75	0.931411
1639.49	-457.468	5450.97	0.931462
1658.41	-446.695	5475.7	0.93151
1675.28	-437.311	5489.06	0.931562
1684.78	-425.352	5484.98	0.931609
1687.01	-407.943	5470.16	0.931656
1678.23	-388.445	5447.11	0.931703
1661.49	-380.607	5421.29	0.93175
1637.87	-376.033	5397.74	0.9318
1610.16	-356.568	5400.24	0.931875
1598.47	-351.707	5413.11	0.931938
1603.79	-357.718	5432.41	0.931998
1617.33	-363.761	5452.76	0.93206
1627.94	-350.235	5473.59	0.932128
1641.92	-345.253	5481.66	0.932181
1648.13	-325.53	5480.36	0.932243
1641.12	-302.364	5478.28	0.932315
1630.16	-287.486	5471.65	0.932384
1618.14	-281.569	5465.69	0.93246
1609.42	-291.309	5461.65	0.932535
1597.74	-302.179	5473.34	0.93262
1594.02	-310.934	5490.68	0.932695
1599	-317.102	5511.88	0.93278
1609.1	-317.652	5535.87	0.932863
1622.55	-318.142	5559.12	0.932945
1635.34	-314.761	5576.39	0.933026
1642.83	-309.155	5585.83	0.933104
1646.49	-296.773	5592.65	0.933191
1650.21	-289.119	5593.99	0.933275
1653.88	-286.28	5593.86	0.933361
1655.48	-287.113	5592.84	0.933446
1653.74	-286.28	5592.83	0.933537
1652.99	-286.321	5596.01	0.933628
1655.19	-286.464	5604.31	0.933722
1663.89	-287.189	5615.48	0.933817
1676.76	-290.087	5629.18	0.933907
1689.27	-288.285	5647.29	0.934001
1705.14	-286.431	5665.21	0.934094
1719.15	-284.306	5685.58	0.934187
1741	-302.563	5706.55	0.934267
1760.38	-324.846	5727.11	0.934346
1772.73	-319.47	5747.7	0.934408
1790.8	-303.587	5754.27	0.934469
1808.39	-294.555	5744.43	0.934539
1814.48	-302.57	5713.77	0.934601
1808.67	-325.675	5678.98	0.934658
1792.93	-317.224	5607.89	0.934722
1757.69	-295.377	5494.12	0.934782
1711.79	-298.873	5385.1	0.934832
1637.6	-294.367	5319.35	0.93491
1567.27	-294.745	5302.49	0.935005
1531.69	-307.59	5327.07	0.935102
1541.05	-317.893	5379.91	0.935191
1585.59	-327.21	5446.4	0.935282
1648.24	-330.738	5512.62	0.935361
1715.54	-342.096	5568.09	0.935445
1770.83	-349.077	5608.38	0.935518
1806.91	-342.867	5632.98	0.935589
1825.43	-327.68	5638.71	0.935656
1831	-306.406	5629.74	0.935708
1823.47	-289.075	5611.84	0.935763
1809.45	-294.236	5587.47	0.935831
1792.97	-311.562	5561.23	0.935899
1777.55	-333.455	5535.93	0.93596
1758.96	-331.753	5520.59	0.936025
1745.24	-321.101	5512.91	0.93609
1744.72	-316.626	5509.33	0.936145
1746.61	-305.504	5513.39	0.936207
1748.09	-310.956	5523.88	0.936264
1746.77	-326.643	5543.34	0.936321
1744.44	-341.77	5573.71	0.93638
1749.74	-355.084	5610.05	0.936444
1763.84	-369.456	5648.69	0.936508
1782.08	-380.364	5688.5	0.936567
1798.53	-378.328	5730.74	0.936631
1813.79	-367.332	5773.37	0.936694
1833.49	-361.118	5809.42	0.936756
1853.64	-357.735	5838.06	0.936816
1868.12	-357.226	5861.59	0.936874
1876.58	-356.87	5880.99	0.936932
1881.19	-357.121	5896.88	0.936988
1885.06	-354.05	5909.11	0.937048
1891.37	-353.443	5915.27	0.937106
1897.04	-351.988	5916.61	0.937163
1900.11	-350.065	5913.93	0.93722
1899.22	-346.65	5908.99	0.937278
1895.99	-345.599	5902.17	0.937334
1887.99	-343.68	5898.56	0.937394
1881.39	-346.38	5896.68	0.937453
1877.3	-349.307	5897.56	0.937513
1876.04	-349.716	5901.27	0.937575
1878.42	-350.359	5905.94	0.937636
1883.2	-352.369	5910.22	0.937695
1887.44	-352.245	5914.43	0.937755
1890.6	-350.776	5917.87	0.937816
1893.21	-350.731	5919.52	0.937875
1893.71	-347.904	5920.84	0.937934
1893.95	-346.437	5920.82	0.937994
1894.35	-348.001	5919.26	0.938056
1893.93	-350.545	5917.1	0.938115
1892	-350.909	5915.67	0.938172
1889.86	-350.093	5914.92	0.93823
1886.78	-351.435	5916.55	0.938289
1885.39	-355.586	5919.51	0.938347
1884.59	-354.591	5925.33	0.938409
1887.77	-356.438	5930.43	0.938467
1889.43	-352.531	5933.78	0.938528
1891.36	-348.541	5934.12	0.938588
1891.84	-342.43	5933.01	0.938651
1892.33	-341.04	5929.27	0.938711
1890.86	-341.039	5924.9	0.938772
1888.21	-343.687	5920.26	0.938833
1882.75	-340.061	5918.79	0.938898
1881.76	-347.002	5915.34	0.938954
1880.26	-351.672	5913.85	0.939015
1876.45	-353.913	5916.7	0.939077
1874.03	-354.47	5922.52	0.93914
1875.14	-354.134	5929.79	0.939203
1878.66	-349.906	5938.23	0.939268
1886.77	-353.603	5943	0.939327
1893.12	-356.042	5946.26	0.939388
1897.25	-359.853	5946.88	0.939447
1898.55	-364.307	5945.23	0.939507
1900.1	-369.993	5938.97	0.93957
1897.93	-370.104	5931.73	0.939637
1894.01	-370.555	5923.32	0.939704
1890.32	-368.857	5913.5	0.939771
1889.02	-369.447	5900.26	0.939837
1883.84	-369.614	5883.99	0.939904
1876.84	-378.192	5864.95	0.939965
1863.27	-383.591	5846.43	0.940028
1853.97	-409.786	5823.31	0.940074
1843.18	-436.503	5797.96	0.94012
1813.7	-422.886	5766.35	0.940184
1793.72	-419.838	5722.78	0.940232
1765.83	-387.667	5689.28	0.940307
1745.18	-361.397	5659.69	0.940377
1728.57	-342.22	5639.07	0.940454
1719.95	-342.767	5628.48	0.940525
1713.59	-348.192	5630.84	0.940601
1716.62	-348.355	5637.99	0.940673
1725.55	-346.827	5646.75	0.940749
1739.99	-348.801	5645.74	0.940817
1753.8	-357.9	5632.71	0.940887
1767.19	-356.866	5601.26	0.94094
1762.15	-339.394	5540.78	0.940984
1727.93	-298.072	5464.27	0.941011
1686.19	-281.052	5372.9	0.941051
1636.13	-286.346	5284.31	0.941065
1580.14	-310.605	5205.41	0.941048
1519.4	-321.846	5156.84	0.941033
1465.99	-310.09	5139.28	0.94101
1427.29	-262.381	5147.92	0.940978
1420.9	-217.638	5166.05	0.940933
1419.97	-144.975	5192.36	0.940913
1442.99	-86.3595	5230.39	0.940913
1481.37	-56.4155	5273.66	0.940914
1523.32	-57.9501	5314.27	0.940914
1568.3	-90.3396	5364.51	0.940903
1596.16	-127.924	5400.35	0.940883
1609.03	-152	5419.33	0.94086
1611.84	-157.178	5420.33	0.940836
1609.91	-155.744	5401.28	0.940805
1599.86	-154.816	5362.36	0.940769
1578.19	-155.136	5311.79	0.940732
1545.16	-156.553	5258.68	0.940688
1509.05	-171.322	5206.83	0.94064
1465.94	-186.997	5162.11	0.940589
1420.84	-190.17	5126.81	0.940545
1379.9	-178.227	5096.54	0.940507
1346.35	-145.012	5075.09	0.940486
1318.55	-83.827	5065.83	0.940493
1307.63	-23.1484	5068.28	0.940511
1316.53	6.25892	5076.17	0.94053
1331.82	8.41063	5087.24	0.940551
1343.92	-3.80749	5100.58	0.940572
1350.17	-15.8931	5115.86	0.940594
1354.65	-23.7072	5130.35	0.940618
1360.88	-28.276	5140.98	0.940639
1367.3	-26.3478	5147.55	0.940664
1375.77	-23.5539	5145.97	0.940686
1380.08	-18.7616	5138.82	0.940709
1379.64	-14.2552	5131.2	0.940734
1375.99	-15.6624	5123.19	0.940759
1369.49	-18.6136	5117.43	0.940785
1363.52	-23.5544	5114.22	0.940808
1360.82	-27.3394	5116.98	0.940831
1360.86	-25.8972	5124.99	0.940855
1365.31	-23.9032	5134.48	0.94088
1372.46	-21.868	5143.23	0.940905
1377.78	-20.477	5152.01	0.940927
1383.33	-19.067	5162.2	0.94095
1390.39	-17.22	5174.55	0.940975
1399.11	-18.5463	5185.16	0.941
1406.52	-18.3995	5193.54	0.941023
1411.98	-16.7854	5198.72	0.941047
1415.36	-14.5278	5200.4	0.94107
1416.63	-12.5661	5198.98	0.941093
1418.39	-12.5556	5192.57	0.941115
1417.44	-13.2746	5183.68	0.94114
1412.97	-14.3293	5174.61	0.941164
1405.93	-14.1679	5167.64	0.941188
1399.33	-14.3093	5163.4	0.941214
1394.64	-13.6206	5162.53	0.941239
1393.99	-16.4637	5163.17	0.941264
1394.15	-20.4196	5162.34	0.941287
1430.69	-69.9662	5192.38	0.941285
1489.14	-141.141	5267.52	0.941274
1572.68	-258.628	5338.06	0.941324
1634.91	-347.559	5409.2	0.941381
1674	-390.041	5473.02	0.941437
1706.17	-413.262	5527.9	0.941483
1734.37	-422.893	5572.53	0.94153
1764.96	-431.772	5600.76	0.941574
1783.99	-435.491	5614.24	0.941622
1797.67	-449.475	5611.73	0.941666
1802.83	-464.352	5595.73	0.941711
1797.31	-478.933	5570.91	0.941753
1787.44	-493.992	5536.99	0.941793
1765.33	-501.746	5502.71	0.94184
1735.85	-492.111	5458.54	0.941887
1702.31	-448.168	5417.1	0.941929
1676.12	-400.915	5378.32	0.941961
1642.64	-348.228	5357.7	0.941978
1616.94	-315.215	5348.55	0.941999
1606.96	-312.892	5347.47	0.942027
1616.86	-338.026	5357.55	0.942043
1633.41	-381.65	5375.51	0.942066
1647.19	-416.166	5387.34	0.942085
1651.43	-428.255	5402.71	0.942126
1663.21	-448.946	5406.47	0.942169
1672.63	-489.855	5401.72	0.942214
1668.89	-530.594	5398.33	0.942261
1663.47	-568.45	5392.44	0.942299
1657.93	-583.514	5395.43	0.942342
1669.5	-615.257	5392.78	0.942395
1683.96	-646.118	5385.35	0.942443
1680.55	-665.255	5386.51	0.942492
1667.99	-671.909	5396.87	0.94253
1672.24	-679.968	5399.09	0.942588
1675.96	-680.445	5398.7	0.94263
1669.63	-667.976	5400.81	0.942679
1661.82	-678.822	5399.42	0.942715
1649.85	-692.682	5399.76	0.942752
1634.38	-705.496	5401.28	0.942788
1610.9	-678.182	5421.15	0.942844
1588.7	-630.319	5447.56	0.942903
1591.58	-622.636	5462.41	0.942937
1598.25	-636.161	5479.36	0.942998
1598.47	-650.962	5506.8	0.943044
1606.81	-669.537	5534	0.943109
1622.17	-705.571	5552.67	0.943132
1623.43	-696.864	5580.82	0.943182
1625.56	-676.767	5610.31	0.943229
1633.64	-649.671	5642.6	0.943285
1658.35	-671.919	5660.83	0.943323
1672.64	-694.456	5675.52	0.943378
1671.98	-703.687	5693.28	0.943428
1672.98	-714.189	5714.97	0.943477
1677	-733.729	5735.48	0.943515
1685.62	-770.108	5752.57	0.943546
1677.12	-780.911	5765.53	0.943588
1663.28	-806.236	5777.04	0.943649
1659.76	-852.612	5786.78	0.943695
1658.08	-892.513	5803.29	0.943749
1647.2	-865.442	5846.19	0.943838
1644.88	-801.825	5906.11	0.94394
1662.3	-737.868	5971.34	0.944002
1695.29	-678.453	6039.71	0.944078
1751.29	-690.596	6084.83	0.94417
1803.1	-759.263	6103.29	0.944244
1818.31	-824.543	6116.58	0.944309
1800.04	-849.64	6132.42	0.944401
1779.16	-881.49	6139.74	0.944468
1754.47	-882.894	6152.01	0.944529
1734.18	-860.267	6166.49	0.944574
1726.58	-847.036	6178.21	0.944636
1726.75	-846.77	6187.59	0.944673
1731.61	-873.327	6190.68	0.944709
1731.37	-914.715	6190.94	0.944743
1718.74	-954.071	6195.88	0.944776
1689.98	-960.354	6214.3	0.94479
1665.07	-960.364	6237	0.944812
1659.24	-983.526	6259.37	0.94484
1657.19	-1000.49	6281.63	0.944882
1658.16	-1013.22	6302.11	0.944924
1657.14	-1013.78	6323.1	0.944973
1662.41	-1030.32	6338.81	0.945016
1665.53	-1056.7	6356.13	0.945061
1662.06	-1075.97	6372.69	0.945101
1650.42	-1072.44	6393.74	0.945135
1645.76	-1072.6	6408.97	0.945165
1641.75	-1064.07	6432.6	0.945199
1649.68	-1100.53	6448.63	0.945214
1631.32	-1062.28	6487.56	0.945273
1618.27	-996.858	6535.61	0.945339
1626.74	-948.613	6576.71	0.945399
1654.23	-948.416	6604.2	0.945452
1680.31	-968.971	6619.86	0.94551
1695.59	-1002.4	6626.5	0.945558
1696.03	-1034.32	6629.63	0.945604
1688.83	-1058.85	6629.94	0.945644
1678.97	-1066.28	6630.4	0.945687
1675.48	-1065.79	6631.84	0.945728
1671.15	-1045.22	6641.16	0.945769
1670.52	-1024.13	6654.75	0.945807
1670.99	-998.011	6670.09	0.945847
1671.98	-965.349	6693.42	0.945891
1679.84	-942.836	6717.59	0.945925
1685.93	-926.686	6738.23	0.945958
1687.31	-916.918	6759.81	0.945993
1694.11	-918.205	6784.69	0.946023
1709.35	-921.43	6806.22	0.946053
1721.75	-913.839	6828.96	0.946084
1731.03	-899.33	6855.78	0.946115
1736.11	-882.888	6882.34	0.946146
1742.29	-872.375	6910.29	0.946177
1750.27	-870.852	6938.37	0.946209
1760.1	-880.255	6965.15	0.946236
1771.52	-896.758	6993.81	0.946264
1786.74	-916.72	7023.72	0.946292
1803.73	-935.177	7051.54	0.94632
1820.46	-949.379	7074.46	0.946348
1834.19	-955.326	7091.56	0.946378
1840.68	-950.572	7105.78	0.946416
1834.92	-940.913	7105.66	0.946454
1830.73	-937.182	7106.79	0.946487
1831.72	-938.205	7106.39	0.946513
1829.33	-917.461	7107.22	0.946547
1827.15	-887.636	7107.51	0.94658
1826.89	-865.919	7100.94	0.946614
1826.57	-854.883	7089.45	0.946649
1824.42	-855.872	7074.74	0.946683
1817.96	-861.669	7060.61	0.946717
1809.85	-873.888	7047.43	0.946751
1800.19	-883.749	7038.34	0.946784
1794.38	-890.066	7030.85	0.946818
1791.52	-891.739	7025.67	0.946852
1791.56	-893.53	7021.51	0.946886
1791.72	-892.667	7019.38	0.946922
1791.06	-888.709	7019.5	0.946956
1791.52	-888.194	7019.74	0.946992
1794.14	-887.474	7018.3	0.947027
1796.06	-884.702	7016.25	0.947061
1796.02	-879.725	7014.29	0.947094
1794.78	-875.309	7012.18	0.947127
1792.62	-871.125	7010.6	0.947161
1790.21	-866.987	7010	0.947194
1790.21	-870.101	7008.2	0.947228
1791.67	-879.935	7005.12	0.947265
1791.38	-888.075	7003.06	0.9473
1789.48	-892.173	7002.49	0.947335
1786.85	-890.624	7003.81	0.947371
1786.04	-888.324	7005.43	0.947406
1787.06	-886.462	7006.94	0.947442
1788.53	-883.656	7008.73	0.947478
1790.63	-883.139	7009.71	0.947515
1791.78	-882.277	7010.68	0.947551
1792.14	-881.557	7011.49	0.947587
1791.57	-879.421	7012.67	0.947623
1791.13	-877.358	7013.82	0.947658
1791.75	-878.014	7014.11	0.947692
1793.07	-881.815	7013.32	0.947727
1793.22	-884.122	7012.84	0.947761
1792.47	-884.687	7012.73	0.947795
1791.56	-884.061	7012.9	0.947829
1790.55	-881.178	7013.77	0.947864
1790.31	-878.121	7014.82	0.9479
1790.97	-876.139	7015.7	0.947935
1792.53	-877.349	7015.71	0.947971
1793.7	-879.931	7015.33	0.948005
1793.86	-882.32	7014.96	0.948039
1793.17	-883.719	7014.81	0.948073
1791.74	-882.227	7015.52	0.948108
1790.84	-879.694	7016.58	0.948143
1791	-877.569	7017.59	0.948177
1792.45	-878.303	7017.76	0.948211
1793.84	-880.363	7017.49	0.948245
1794.35	-882.373	7017.15	0.948279
1793.97	-883.598	7016.94	0.948313
1792.65	-882.105	7017.52	0.948348
1791.68	-879.674	7018.43	0.948383
1791.66	-877.682	7019.31	0.948416
1792.41	-876.692	7019.99	0.948451
1794.36	-880.303	7019.25	0.948486
1794.61	-881.486	7019.22	0.948521
1794.3	-882.657	7019.1	0.948558
1793.23	-881.608	7019.64	0.948591
1792.92	-881.553	7019.86	0.948625
1795.47	-881.432	7017.31	0.948661
1797.48	-878.983	7013.48	0.948696
1798.67	-879.405	7007.58	0.948731
1796.96	-879.293	7001.56	0.948765
1792.58	-877.077	6996.73	0.948801
1788.24	-876.483	6992.57	0.948837
1784.38	-875.417	6990.13	0.948872
1781.99	-874.661	6989.25	0.948907
1781.27	-874.505	6989.71	0.948942
1779.05	-873.681	6994.38	0.948977
1777.5	-871.524	7002.39	0.949012
1779.81	-873.543	7010.72	0.949045
1784.75	-877.376	7018.76	0.94908
1790.45	-880.774	7026.02	0.949115
1795.47	-882.504	7032.05	0.94915
1799.19	-882.463	7036.44	0.949185
1802.04	-883.108	7038.35	0.949219
1803.49	-883.754	7038.18	0.949253
1802.94	-882.19	7037.08	0.949288
